'random', 5, 1, 0, 111
'random', 5, 1, 1, 125
'random', 5, 1, 2, 135
'random', 5, 1, 3, 118
'random', 5, 1, 4, 152
'random', 5, 2, 0, 104
'random', 5, 2, 1, 126
'random', 5, 2, 2, 122
'random', 5, 2, 3, 156
'random', 5, 2, 4, 134
'random', 5, 3, 0, 115
'random', 5, 3, 1, 126
'random', 5, 3, 2, 138
'random', 5, 3, 3, 127
'random', 5, 3, 4, 160
'random', 5, 4, 0, 143
'random', 5, 4, 1, 135
'random', 5, 4, 2, 148
'random', 5, 4, 3, 151
'random', 5, 4, 4, 153
'random', 5, 5, 0, 161
'random', 5, 5, 1, 178
'random', 5, 5, 2, 167
'random', 5, 5, 3, 158
'random', 5, 5, 4, 183
'random', 6, 1, 0, 127
'random', 6, 1, 1, 115
'random', 6, 1, 2, 154
'random', 6, 1, 3, 153
'random', 6, 1, 4, 173
'random', 6, 2, 0, 130
'random', 6, 2, 1, 125
'random', 6, 2, 2, 144
'random', 6, 2, 3, 163
'random', 6, 2, 4, 172
'random', 6, 3, 0, 160
'random', 6, 3, 1, 166
'random', 6, 3, 2, 177
'random', 6, 3, 3, 145
'random', 6, 3, 4, 192
'random', 6, 4, 0, 205
'random', 6, 4, 1, 166
'random', 6, 4, 2, 165
'random', 6, 4, 3, 182
'random', 6, 4, 4, 230
'random', 6, 5, 0, 196
'random', 6, 5, 1, 174
'random', 6, 5, 2, 174
'random', 6, 5, 3, 173
'random', 6, 5, 4, 207
'random', 7, 1, 0, 124
'random', 7, 1, 1, 151
'random', 7, 1, 2, 177
'random', 7, 1, 3, 186
'random', 7, 1, 4, 197
'random', 7, 2, 0, 147
'random', 7, 2, 1, 152
'random', 7, 2, 2, 154
'random', 7, 2, 3, 188
'random', 7, 2, 4, 204
'random', 7, 3, 0, 150
'random', 7, 3, 1, 153
'random', 7, 3, 2, 196
'random', 7, 3, 3, 185
'random', 7, 3, 4, 184
'random', 7, 4, 0, 190
'random', 7, 4, 1, 197
'random', 7, 4, 2, 231
'random', 7, 4, 3, 197
'random', 7, 4, 4, 240
'random', 7, 5, 0, 221
'random', 7, 5, 1, 205
'random', 7, 5, 2, 232
'random', 7, 5, 3, 247
'random', 7, 5, 4, 229
'random', 8, 1, 0, 140
'random', 8, 1, 1, 148
'random', 8, 1, 2, 174
'random', 8, 1, 3, 197
'random', 8, 1, 4, 193
'random', 8, 2, 0, 155
'random', 8, 2, 1, 183
'random', 8, 2, 2, 174
'random', 8, 2, 3, 190
'random', 8, 2, 4, 219
'random', 8, 3, 0, 200
'random', 8, 3, 1, 177
'random', 8, 3, 2, 185
'random', 8, 3, 3, 226
'random', 8, 3, 4, 219
'random', 8, 4, 0, 215
'random', 8, 4, 1, 182
'random', 8, 4, 2, 211
'random', 8, 4, 3, 214
'random', 8, 4, 4, 247
'random', 8, 5, 0, 210
'random', 8, 5, 1, 236
'random', 8, 5, 2, 221
'random', 8, 5, 3, 231
'random', 8, 5, 4, 235
'random', 9, 1, 0, 158
'random', 9, 1, 1, 160
'random', 9, 1, 2, 186
'random', 9, 1, 3, 220
'random', 9, 1, 4, 220
'random', 9, 2, 0, 185
'random', 9, 2, 1, 173
'random', 9, 2, 2, 192
'random', 9, 2, 3, 223
'random', 9, 2, 4, 242
'random', 9, 3, 0, 196
'random', 9, 3, 1, 187
'random', 9, 3, 2, 183
'random', 9, 3, 3, 235
'random', 9, 3, 4, 264
'random', 9, 4, 0, 217
'random', 9, 4, 1, 215
'random', 9, 4, 2, 226
'random', 9, 4, 3, 263
'random', 9, 4, 4, 260
'random', 9, 5, 0, 237
'random', 9, 5, 1, 264
'random', 9, 5, 2, 243
'random', 9, 5, 3, 263
'random', 9, 5, 4, 324
'random', 10, 1, 0, 185
'random', 10, 1, 1, 178
'random', 10, 1, 2, 198
'random', 10, 1, 3, 216
'random', 10, 1, 4, 245
'random', 10, 2, 0, 190
'random', 10, 2, 1, 204
'random', 10, 2, 2, 214
'random', 10, 2, 3, 247
'random', 10, 2, 4, 268
'random', 10, 3, 0, 204
'random', 10, 3, 1, 221
'random', 10, 3, 2, 238
'random', 10, 3, 3, 284
'random', 10, 3, 4, 232
'random', 10, 4, 0, 275
'random', 10, 4, 1, 270
'random', 10, 4, 2, 262
'random', 10, 4, 3, 272
'random', 10, 4, 4, 288
'random', 10, 5, 0, 285
'random', 10, 5, 1, 263
'random', 10, 5, 2, 265
'random', 10, 5, 3, 298
'random', 10, 5, 4, 322
'random', 11, 1, 0, 195
'random', 11, 1, 1, 201
'random', 11, 1, 2, 206
'random', 11, 1, 3, 202
'random', 11, 1, 4, 263
'random', 11, 2, 0, 208
'random', 11, 2, 1, 232
'random', 11, 2, 2, 220
'random', 11, 2, 3, 241
'random', 11, 2, 4, 296
'random', 11, 3, 0, 231
'random', 11, 3, 1, 252
'random', 11, 3, 2, 258
'random', 11, 3, 3, 264
'random', 11, 3, 4, 286
'random', 11, 4, 0, 255
'random', 11, 4, 1, 253
'random', 11, 4, 2, 255
'random', 11, 4, 3, 271
'random', 11, 4, 4, 298
'random', 11, 5, 0, 296
'random', 11, 5, 1, 271
'random', 11, 5, 2, 276
'random', 11, 5, 3, 294
'random', 11, 5, 4, 334
'random', 12, 1, 0, 201
'random', 12, 1, 1, 195
'random', 12, 1, 2, 223
'random', 12, 1, 3, 278
'random', 12, 1, 4, 297
'random', 12, 2, 0, 225
'random', 12, 2, 1, 234
'random', 12, 2, 2, 249
'random', 12, 2, 3, 299
'random', 12, 2, 4, 294
'random', 12, 3, 0, 268
'random', 12, 3, 1, 252
'random', 12, 3, 2, 242
'random', 12, 3, 3, 309
'random', 12, 3, 4, 324
'random', 12, 4, 0, 319
'random', 12, 4, 1, 306
'random', 12, 4, 2, 293
'random', 12, 4, 3, 304
'random', 12, 4, 4, 328
'random', 12, 5, 0, 297
'random', 12, 5, 1, 317
'random', 12, 5, 2, 281
'random', 12, 5, 3, 327
'random', 12, 5, 4, 356
'random', 13, 1, 0, 205
'random', 13, 1, 1, 231
'random', 13, 1, 2, 242
'random', 13, 1, 3, 261
'random', 13, 1, 4, 299
'random', 13, 2, 0, 227
'random', 13, 2, 1, 278
'random', 13, 2, 2, 275
'random', 13, 2, 3, 328
'random', 13, 2, 4, 370
'random', 13, 3, 0, 254
'random', 13, 3, 1, 267
'random', 13, 3, 2, 298
'random', 13, 3, 3, 270
'random', 13, 3, 4, 339
'random', 13, 4, 0, 306
'random', 13, 4, 1, 283
'random', 13, 4, 2, 295
'random', 13, 4, 3, 321
'random', 13, 4, 4, 344
'random', 13, 5, 0, 299
'random', 13, 5, 1, 335
'random', 13, 5, 2, 356
'random', 13, 5, 3, 381
'random', 13, 5, 4, 366
'random', 14, 1, 0, 192
'random', 14, 1, 1, 232
'random', 14, 1, 2, 266
'random', 14, 1, 3, 284
'random', 14, 1, 4, 298
'random', 14, 2, 0, 249
'random', 14, 2, 1, 279
'random', 14, 2, 2, 294
'random', 14, 2, 3, 299
'random', 14, 2, 4, 334
'random', 14, 3, 0, 265
'random', 14, 3, 1, 277
'random', 14, 3, 2, 259
'random', 14, 3, 3, 358
'random', 14, 3, 4, 334
'random', 14, 4, 0, 330
'random', 14, 4, 1, 298
'random', 14, 4, 2, 349
'random', 14, 4, 3, 373
'random', 14, 4, 4, 383
'random', 14, 5, 0, 356
'random', 14, 5, 1, 319
'random', 14, 5, 2, 349
'random', 14, 5, 3, 336
'random', 14, 5, 4, 416
'random', 15, 1, 0, 232
'random', 15, 1, 1, 256
'random', 15, 1, 2, 285
'random', 15, 1, 3, 318
'random', 15, 1, 4, 328
'random', 15, 2, 0, 276
'random', 15, 2, 1, 274
'random', 15, 2, 2, 298
'random', 15, 2, 3, 356
'random', 15, 2, 4, 337
'random', 15, 3, 0, 285
'random', 15, 3, 1, 288
'random', 15, 3, 2, 308
'random', 15, 3, 3, 353
'random', 15, 3, 4, 384
'random', 15, 4, 0, 342
'random', 15, 4, 1, 328
'random', 15, 4, 2, 334
'random', 15, 4, 3, 371
'random', 15, 4, 4, 464
'random', 15, 5, 0, 378
'random', 15, 5, 1, 333
'random', 15, 5, 2, 379
'random', 15, 5, 3, 343
'random', 15, 5, 4, 414
'random', 16, 1, 0, 262
'random', 16, 1, 1, 286
'random', 16, 1, 2, 294
'random', 16, 1, 3, 324
'random', 16, 1, 4, 362
'random', 16, 2, 0, 278
'random', 16, 2, 1, 263
'random', 16, 2, 2, 305
'random', 16, 2, 3, 357
'random', 16, 2, 4, 335
'random', 16, 3, 0, 313
'random', 16, 3, 1, 336
'random', 16, 3, 2, 345
'random', 16, 3, 3, 400
'random', 16, 3, 4, 376
'random', 16, 4, 0, 308
'random', 16, 4, 1, 376
'random', 16, 4, 2, 333
'random', 16, 4, 3, 407
'random', 16, 4, 4, 407
'random', 16, 5, 0, 370
'random', 16, 5, 1, 385
'random', 16, 5, 2, 416
'random', 16, 5, 3, 372
'random', 16, 5, 4, 427
'random', 17, 1, 0, 255
'random', 17, 1, 1, 300
'random', 17, 1, 2, 338
'random', 17, 1, 3, 362
'random', 17, 1, 4, 356
'random', 17, 2, 0, 292
'random', 17, 2, 1, 303
'random', 17, 2, 2, 330
'random', 17, 2, 3, 364
'random', 17, 2, 4, 393
'random', 17, 3, 0, 334
'random', 17, 3, 1, 329
'random', 17, 3, 2, 358
'random', 17, 3, 3, 378
'random', 17, 3, 4, 415
'random', 17, 4, 0, 352
'random', 17, 4, 1, 314
'random', 17, 4, 2, 397
'random', 17, 4, 3, 388
'random', 17, 4, 4, 369
'random', 17, 5, 0, 401
'random', 17, 5, 1, 383
'random', 17, 5, 2, 409
'random', 17, 5, 3, 400
'random', 17, 5, 4, 453
'random', 18, 1, 0, 273
'random', 18, 1, 1, 304
'random', 18, 1, 2, 335
'random', 18, 1, 3, 337
'random', 18, 1, 4, 409
'random', 18, 2, 0, 309
'random', 18, 2, 1, 337
'random', 18, 2, 2, 365
'random', 18, 2, 3, 367
'random', 18, 2, 4, 432
'random', 18, 3, 0, 349
'random', 18, 3, 1, 311
'random', 18, 3, 2, 353
'random', 18, 3, 3, 405
'random', 18, 3, 4, 387
'random', 18, 4, 0, 396
'random', 18, 4, 1, 368
'random', 18, 4, 2, 431
'random', 18, 4, 3, 421
'random', 18, 4, 4, 474
'random', 18, 5, 0, 409
'random', 18, 5, 1, 402
'random', 18, 5, 2, 415
'random', 18, 5, 3, 412
'random', 18, 5, 4, 521
'random', 19, 1, 0, 264
'random', 19, 1, 1, 311
'random', 19, 1, 2, 355
'random', 19, 1, 3, 333
'random', 19, 1, 4, 403
'random', 19, 2, 0, 310
'random', 19, 2, 1, 365
'random', 19, 2, 2, 339
'random', 19, 2, 3, 409
'random', 19, 2, 4, 399
'random', 19, 3, 0, 327
'random', 19, 3, 1, 365
'random', 19, 3, 2, 378
'random', 19, 3, 3, 413
'random', 19, 3, 4, 426
'random', 19, 4, 0, 423
'random', 19, 4, 1, 348
'random', 19, 4, 2, 385
'random', 19, 4, 3, 403
'random', 19, 4, 4, 426
'random', 19, 5, 0, 406
'random', 19, 5, 1, 401
'random', 19, 5, 2, 466
'random', 19, 5, 3, 447
'random', 19, 5, 4, 400
'random', 20, 1, 0, 281
'random', 20, 1, 1, 298
'random', 20, 1, 2, 339
'random', 20, 1, 3, 397
'random', 20, 1, 4, 404
'random', 20, 2, 0, 358
'random', 20, 2, 1, 362
'random', 20, 2, 2, 342
'random', 20, 2, 3, 435
'random', 20, 2, 4, 408
'random', 20, 3, 0, 414
'random', 20, 3, 1, 386
'random', 20, 3, 2, 379
'random', 20, 3, 3, 417
'random', 20, 3, 4, 486
'random', 20, 4, 0, 434
'random', 20, 4, 1, 396
'random', 20, 4, 2, 477
'random', 20, 4, 3, 516
'random', 20, 4, 4, 466
'random', 20, 5, 0, 435
'random', 20, 5, 1, 469
'random', 20, 5, 2, 421
'random', 20, 5, 3, 437
'random', 20, 5, 4, 414
'random', 21, 1, 0, 333
'random', 21, 1, 1, 372
'random', 21, 1, 2, 381
'random', 21, 1, 3, 431
'random', 21, 1, 4, 408
'random', 21, 2, 0, 352
'random', 21, 2, 1, 364
'random', 21, 2, 2, 371
'random', 21, 2, 3, 394
'random', 21, 2, 4, 444
'random', 21, 3, 0, 338
'random', 21, 3, 1, 403
'random', 21, 3, 2, 425
'random', 21, 3, 3, 463
'random', 21, 3, 4, 504
'random', 21, 4, 0, 412
'random', 21, 4, 1, 426
'random', 21, 4, 2, 409
'random', 21, 4, 3, 402
'random', 21, 4, 4, 502
'random', 21, 5, 0, 441
'random', 21, 5, 1, 487
'random', 21, 5, 2, 491
'random', 21, 5, 3, 481
'random', 21, 5, 4, 541
'random', 22, 1, 0, 322
'random', 22, 1, 1, 346
'random', 22, 1, 2, 373
'random', 22, 1, 3, 465
'random', 22, 1, 4, 471
'random', 22, 2, 0, 358
'random', 22, 2, 1, 339
'random', 22, 2, 2, 376
'random', 22, 2, 3, 416
'random', 22, 2, 4, 470
'random', 22, 3, 0, 410
'random', 22, 3, 1, 414
'random', 22, 3, 2, 415
'random', 22, 3, 3, 501
'random', 22, 3, 4, 533
'random', 22, 4, 0, 437
'random', 22, 4, 1, 452
'random', 22, 4, 2, 457
'random', 22, 4, 3, 475
'random', 22, 4, 4, 536
'random', 22, 5, 0, 434
'random', 22, 5, 1, 516
'random', 22, 5, 2, 464
'random', 22, 5, 3, 554
'random', 22, 5, 4, 490
'random', 23, 1, 0, 347
'random', 23, 1, 1, 356
'random', 23, 1, 2, 420
'random', 23, 1, 3, 404
'random', 23, 1, 4, 455
'random', 23, 2, 0, 347
'random', 23, 2, 1, 352
'random', 23, 2, 2, 376
'random', 23, 2, 3, 442
'random', 23, 2, 4, 460
'random', 23, 3, 0, 405
'random', 23, 3, 1, 423
'random', 23, 3, 2, 428
'random', 23, 3, 3, 471
'random', 23, 3, 4, 519
'random', 23, 4, 0, 473
'random', 23, 4, 1, 481
'random', 23, 4, 2, 505
'random', 23, 4, 3, 498
'random', 23, 4, 4, 527
'random', 23, 5, 0, 462
'random', 23, 5, 1, 515
'random', 23, 5, 2, 530
'random', 23, 5, 3, 558
'random', 23, 5, 4, 556
'random', 24, 1, 0, 310
'random', 24, 1, 1, 389
'random', 24, 1, 2, 397
'random', 24, 1, 3, 416
'random', 24, 1, 4, 529
'random', 24, 2, 0, 369
'random', 24, 2, 1, 416
'random', 24, 2, 2, 404
'random', 24, 2, 3, 423
'random', 24, 2, 4, 486
'random', 24, 3, 0, 409
'random', 24, 3, 1, 429
'random', 24, 3, 2, 468
'random', 24, 3, 3, 474
'random', 24, 3, 4, 503
'random', 24, 4, 0, 425
'random', 24, 4, 1, 455
'random', 24, 4, 2, 482
'random', 24, 4, 3, 544
'random', 24, 4, 4, 491
'random', 24, 5, 0, 528
'random', 24, 5, 1, 520
'random', 24, 5, 2, 524
'random', 24, 5, 3, 552
'random', 24, 5, 4, 558
'random', 25, 1, 0, 343
'random', 25, 1, 1, 412
'random', 25, 1, 2, 409
'random', 25, 1, 3, 467
'random', 25, 1, 4, 473
'random', 25, 2, 0, 404
'random', 25, 2, 1, 417
'random', 25, 2, 2, 407
'random', 25, 2, 3, 466
'random', 25, 2, 4, 524
'random', 25, 3, 0, 415
'random', 25, 3, 1, 447
'random', 25, 3, 2, 459
'random', 25, 3, 3, 465
'random', 25, 3, 4, 509
'random', 25, 4, 0, 500
'random', 25, 4, 1, 461
'random', 25, 4, 2, 463
'random', 25, 4, 3, 555
'random', 25, 4, 4, 619
'random', 25, 5, 0, 471
'random', 25, 5, 1, 519
'random', 25, 5, 2, 536
'random', 25, 5, 3, 555
'random', 25, 5, 4, 573
'random', 26, 1, 0, 368
'random', 26, 1, 1, 395
'random', 26, 1, 2, 405
'random', 26, 1, 3, 463
'random', 26, 1, 4, 503
'random', 26, 2, 0, 393
'random', 26, 2, 1, 416
'random', 26, 2, 2, 437
'random', 26, 2, 3, 490
'random', 26, 2, 4, 525
'random', 26, 3, 0, 454
'random', 26, 3, 1, 475
'random', 26, 3, 2, 468
'random', 26, 3, 3, 507
'random', 26, 3, 4, 560
'random', 26, 4, 0, 476
'random', 26, 4, 1, 484
'random', 26, 4, 2, 490
'random', 26, 4, 3, 554
'random', 26, 4, 4, 581
'random', 26, 5, 0, 541
'random', 26, 5, 1, 582
'random', 26, 5, 2, 561
'random', 26, 5, 3, 595
'random', 26, 5, 4, 565
'random', 27, 1, 0, 391
'random', 27, 1, 1, 379
'random', 27, 1, 2, 427
'random', 27, 1, 3, 457
'random', 27, 1, 4, 541
'random', 27, 2, 0, 405
'random', 27, 2, 1, 473
'random', 27, 2, 2, 479
'random', 27, 2, 3, 531
'random', 27, 2, 4, 499
'random', 27, 3, 0, 435
'random', 27, 3, 1, 449
'random', 27, 3, 2, 439
'random', 27, 3, 3, 498
'random', 27, 3, 4, 523
'random', 27, 4, 0, 488
'random', 27, 4, 1, 495
'random', 27, 4, 2, 555
'random', 27, 4, 3, 561
'random', 27, 4, 4, 578
'random', 27, 5, 0, 540
'random', 27, 5, 1, 561
'random', 27, 5, 2, 581
'random', 27, 5, 3, 577
'random', 27, 5, 4, 615
'random', 28, 1, 0, 383
'random', 28, 1, 1, 420
'random', 28, 1, 2, 466
'random', 28, 1, 3, 460
'random', 28, 1, 4, 538
'random', 28, 2, 0, 418
'random', 28, 2, 1, 428
'random', 28, 2, 2, 452
'random', 28, 2, 3, 496
'random', 28, 2, 4, 570
'random', 28, 3, 0, 462
'random', 28, 3, 1, 470
'random', 28, 3, 2, 497
'random', 28, 3, 3, 525
'random', 28, 3, 4, 614
'random', 28, 4, 0, 559
'random', 28, 4, 1, 535
'random', 28, 4, 2, 514
'random', 28, 4, 3, 597
'random', 28, 4, 4, 648
'random', 28, 5, 0, 522
'random', 28, 5, 1, 589
'random', 28, 5, 2, 572
'random', 28, 5, 3, 559
'random', 28, 5, 4, 681
'random', 29, 1, 0, 351
'random', 29, 1, 1, 427
'random', 29, 1, 2, 427
'random', 29, 1, 3, 499
'random', 29, 1, 4, 570
'random', 29, 2, 0, 414
'random', 29, 2, 1, 480
'random', 29, 2, 2, 420
'random', 29, 2, 3, 547
'random', 29, 2, 4, 588
'random', 29, 3, 0, 530
'random', 29, 3, 1, 487
'random', 29, 3, 2, 515
'random', 29, 3, 3, 578
'random', 29, 3, 4, 595
'random', 29, 4, 0, 564
'random', 29, 4, 1, 509
'random', 29, 4, 2, 535
'random', 29, 4, 3, 571
'random', 29, 4, 4, 582
'random', 29, 5, 0, 567
'random', 29, 5, 1, 559
'random', 29, 5, 2, 574
'random', 29, 5, 3, 576
'random', 29, 5, 4, 635
'random', 30, 1, 0, 374
'random', 30, 1, 1, 462
'random', 30, 1, 2, 486
'random', 30, 1, 3, 529
'random', 30, 1, 4, 548
'random', 30, 2, 0, 447
'random', 30, 2, 1, 462
'random', 30, 2, 2, 490
'random', 30, 2, 3, 525
'random', 30, 2, 4, 626
'random', 30, 3, 0, 485
'random', 30, 3, 1, 489
'random', 30, 3, 2, 473
'random', 30, 3, 3, 520
'random', 30, 3, 4, 598
'random', 30, 4, 0, 512
'random', 30, 4, 1, 541
'random', 30, 4, 2, 540
'random', 30, 4, 3, 607
'random', 30, 4, 4, 638
'random', 30, 5, 0, 545
'random', 30, 5, 1, 579
'random', 30, 5, 2, 621
'random', 30, 5, 3, 586
'random', 30, 5, 4, 666
'random', 31, 1, 0, 381
'random', 31, 1, 1, 409
'random', 31, 1, 2, 499
'random', 31, 1, 3, 522
'random', 31, 1, 4, 589
'random', 31, 2, 0, 433
'random', 31, 2, 1, 497
'random', 31, 2, 2, 532
'random', 31, 2, 3, 543
'random', 31, 2, 4, 584
'random', 31, 3, 0, 506
'random', 31, 3, 1, 529
'random', 31, 3, 2, 529
'random', 31, 3, 3, 589
'random', 31, 3, 4, 639
'random', 31, 4, 0, 553
'random', 31, 4, 1, 525
'random', 31, 4, 2, 574
'random', 31, 4, 3, 589
'random', 31, 4, 4, 678
'random', 31, 5, 0, 604
'random', 31, 5, 1, 582
'random', 31, 5, 2, 605
'random', 31, 5, 3, 624
'random', 31, 5, 4, 693
'random', 32, 1, 0, 430
'random', 32, 1, 1, 419
'random', 32, 1, 2, 503
'random', 32, 1, 3, 523
'random', 32, 1, 4, 612
'random', 32, 2, 0, 469
'random', 32, 2, 1, 509
'random', 32, 2, 2, 544
'random', 32, 2, 3, 573
'random', 32, 2, 4, 604
'random', 32, 3, 0, 555
'random', 32, 3, 1, 543
'random', 32, 3, 2, 526
'random', 32, 3, 3, 547
'random', 32, 3, 4, 627
'random', 32, 4, 0, 566
'random', 32, 4, 1, 616
'random', 32, 4, 2, 641
'random', 32, 4, 3, 705
'random', 32, 4, 4, 635
'random', 32, 5, 0, 646
'random', 32, 5, 1, 629
'random', 32, 5, 2, 668
'random', 32, 5, 3, 677
'random', 32, 5, 4, 668
'random', 33, 1, 0, 458
'random', 33, 1, 1, 469
'random', 33, 1, 2, 479
'random', 33, 1, 3, 586
'random', 33, 1, 4, 580
'random', 33, 2, 0, 472
'random', 33, 2, 1, 500
'random', 33, 2, 2, 543
'random', 33, 2, 3, 572
'random', 33, 2, 4, 658
'random', 33, 3, 0, 537
'random', 33, 3, 1, 542
'random', 33, 3, 2, 564
'random', 33, 3, 3, 588
'random', 33, 3, 4, 654
'random', 33, 4, 0, 589
'random', 33, 4, 1, 541
'random', 33, 4, 2, 594
'random', 33, 4, 3, 599
'random', 33, 4, 4, 711
'random', 33, 5, 0, 626
'random', 33, 5, 1, 600
'random', 33, 5, 2, 637
'random', 33, 5, 3, 699
'random', 33, 5, 4, 723
'random', 34, 1, 0, 437
'random', 34, 1, 1, 462
'random', 34, 1, 2, 520
'random', 34, 1, 3, 560
'random', 34, 1, 4, 613
'random', 34, 2, 0, 497
'random', 34, 2, 1, 493
'random', 34, 2, 2, 502
'random', 34, 2, 3, 612
'random', 34, 2, 4, 620
'random', 34, 3, 0, 573
'random', 34, 3, 1, 596
'random', 34, 3, 2, 599
'random', 34, 3, 3, 614
'random', 34, 3, 4, 634
'random', 34, 4, 0, 634
'random', 34, 4, 1, 586
'random', 34, 4, 2, 615
'random', 34, 4, 3, 646
'random', 34, 4, 4, 705
'random', 34, 5, 0, 675
'random', 34, 5, 1, 659
'random', 34, 5, 2, 700
'random', 34, 5, 3, 696
'random', 34, 5, 4, 709
'random', 35, 1, 0, 490
'random', 35, 1, 1, 508
'random', 35, 1, 2, 552
'random', 35, 1, 3, 564
'random', 35, 1, 4, 633
'random', 35, 2, 0, 522
'random', 35, 2, 1, 531
'random', 35, 2, 2, 580
'random', 35, 2, 3, 622
'random', 35, 2, 4, 681
'random', 35, 3, 0, 553
'random', 35, 3, 1, 616
'random', 35, 3, 2, 608
'random', 35, 3, 3, 604
'random', 35, 3, 4, 727
'random', 35, 4, 0, 653
'random', 35, 4, 1, 589
'random', 35, 4, 2, 664
'random', 35, 4, 3, 692
'random', 35, 4, 4, 701
'random', 35, 5, 0, 658
'random', 35, 5, 1, 662
'random', 35, 5, 2, 707
'random', 35, 5, 3, 722
'random', 35, 5, 4, 787
'random', 36, 1, 0, 485
'random', 36, 1, 1, 514
'random', 36, 1, 2, 519
'random', 36, 1, 3, 598
'random', 36, 1, 4, 655
'random', 36, 2, 0, 553
'random', 36, 2, 1, 538
'random', 36, 2, 2, 571
'random', 36, 2, 3, 653
'random', 36, 2, 4, 678
'random', 36, 3, 0, 578
'random', 36, 3, 1, 550
'random', 36, 3, 2, 627
'random', 36, 3, 3, 666
'random', 36, 3, 4, 723
'random', 36, 4, 0, 641
'random', 36, 4, 1, 642
'random', 36, 4, 2, 655
'random', 36, 4, 3, 716
'random', 36, 4, 4, 742
'random', 36, 5, 0, 708
'random', 36, 5, 1, 734
'random', 36, 5, 2, 628
'random', 36, 5, 3, 702
'random', 36, 5, 4, 758
'BTF', 5, 1, 0, 124
'BTF', 5, 1, 1, 148
'BTF', 5, 1, 2, 159
'BTF', 5, 1, 3, 194
'BTF', 5, 1, 4, 219
'BTF', 5, 2, 0, 171
'BTF', 5, 2, 1, 139
'BTF', 5, 2, 2, 183
'BTF', 5, 2, 3, 214
'BTF', 5, 2, 4, 208
'BTF', 5, 3, 0, 203
'BTF', 5, 3, 1, 173
'BTF', 5, 3, 2, 199
'BTF', 5, 3, 3, 206
'BTF', 5, 3, 4, 219
'BTF', 5, 4, 0, 203
'BTF', 5, 4, 1, 210
'BTF', 5, 4, 2, 221
'BTF', 5, 4, 3, 225
'BTF', 5, 4, 4, 209
'BTF', 5, 5, 0, 228
'BTF', 5, 5, 1, 225
'BTF', 5, 5, 2, 224
'BTF', 5, 5, 3, 210
'BTF', 5, 5, 4, 278
'BTF', 6, 1, 0, 137
'BTF', 6, 1, 1, 175
'BTF', 6, 1, 2, 204
'BTF', 6, 1, 3, 236
'BTF', 6, 1, 4, 271
'BTF', 6, 2, 0, 183
'BTF', 6, 2, 1, 179
'BTF', 6, 2, 2, 214
'BTF', 6, 2, 3, 229
'BTF', 6, 2, 4, 246
'BTF', 6, 3, 0, 232
'BTF', 6, 3, 1, 218
'BTF', 6, 3, 2, 253
'BTF', 6, 3, 3, 253
'BTF', 6, 3, 4, 268
'BTF', 6, 4, 0, 244
'BTF', 6, 4, 1, 243
'BTF', 6, 4, 2, 273
'BTF', 6, 4, 3, 276
'BTF', 6, 4, 4, 294
'BTF', 6, 5, 0, 293
'BTF', 6, 5, 1, 293
'BTF', 6, 5, 2, 279
'BTF', 6, 5, 3, 270
'BTF', 6, 5, 4, 299
'BTF', 7, 1, 0, 185
'BTF', 7, 1, 1, 206
'BTF', 7, 1, 2, 222
'BTF', 7, 1, 3, 250
'BTF', 7, 1, 4, 300
'BTF', 7, 2, 0, 230
'BTF', 7, 2, 1, 227
'BTF', 7, 2, 2, 270
'BTF', 7, 2, 3, 262
'BTF', 7, 2, 4, 288
'BTF', 7, 3, 0, 235
'BTF', 7, 3, 1, 256
'BTF', 7, 3, 2, 270
'BTF', 7, 3, 3, 312
'BTF', 7, 3, 4, 340
'BTF', 7, 4, 0, 295
'BTF', 7, 4, 1, 313
'BTF', 7, 4, 2, 309
'BTF', 7, 4, 3, 288
'BTF', 7, 4, 4, 342
'BTF', 7, 5, 0, 340
'BTF', 7, 5, 1, 307
'BTF', 7, 5, 2, 313
'BTF', 7, 5, 3, 335
'BTF', 7, 5, 4, 331
'BTF', 8, 1, 0, 200
'BTF', 8, 1, 1, 235
'BTF', 8, 1, 2, 302
'BTF', 8, 1, 3, 309
'BTF', 8, 1, 4, 331
'BTF', 8, 2, 0, 237
'BTF', 8, 2, 1, 255
'BTF', 8, 2, 2, 290
'BTF', 8, 2, 3, 310
'BTF', 8, 2, 4, 341
'BTF', 8, 3, 0, 305
'BTF', 8, 3, 1, 302
'BTF', 8, 3, 2, 280
'BTF', 8, 3, 3, 317
'BTF', 8, 3, 4, 375
'BTF', 8, 4, 0, 339
'BTF', 8, 4, 1, 339
'BTF', 8, 4, 2, 341
'BTF', 8, 4, 3, 380
'BTF', 8, 4, 4, 363
'BTF', 8, 5, 0, 362
'BTF', 8, 5, 1, 379
'BTF', 8, 5, 2, 376
'BTF', 8, 5, 3, 409
'BTF', 8, 5, 4, 442
'BTF', 9, 1, 0, 233
'BTF', 9, 1, 1, 264
'BTF', 9, 1, 2, 283
'BTF', 9, 1, 3, 312
'BTF', 9, 1, 4, 395
'BTF', 9, 2, 0, 298
'BTF', 9, 2, 1, 286
'BTF', 9, 2, 2, 299
'BTF', 9, 2, 3, 329
'BTF', 9, 2, 4, 352
'BTF', 9, 3, 0, 325
'BTF', 9, 3, 1, 304
'BTF', 9, 3, 2, 325
'BTF', 9, 3, 3, 384
'BTF', 9, 3, 4, 388
'BTF', 9, 4, 0, 376
'BTF', 9, 4, 1, 383
'BTF', 9, 4, 2, 405
'BTF', 9, 4, 3, 370
'BTF', 9, 4, 4, 438
'BTF', 9, 5, 0, 408
'BTF', 9, 5, 1, 415
'BTF', 9, 5, 2, 421
'BTF', 9, 5, 3, 410
'BTF', 9, 5, 4, 437
'BTF', 10, 1, 0, 260
'BTF', 10, 1, 1, 257
'BTF', 10, 1, 2, 324
'BTF', 10, 1, 3, 380
'BTF', 10, 1, 4, 425
'BTF', 10, 2, 0, 316
'BTF', 10, 2, 1, 283
'BTF', 10, 2, 2, 353
'BTF', 10, 2, 3, 341
'BTF', 10, 2, 4, 445
'BTF', 10, 3, 0, 364
'BTF', 10, 3, 1, 362
'BTF', 10, 3, 2, 406
'BTF', 10, 3, 3, 428
'BTF', 10, 3, 4, 416
'BTF', 10, 4, 0, 405
'BTF', 10, 4, 1, 403
'BTF', 10, 4, 2, 454
'BTF', 10, 4, 3, 435
'BTF', 10, 4, 4, 406
'BTF', 10, 5, 0, 459
'BTF', 10, 5, 1, 449
'BTF', 10, 5, 2, 477
'BTF', 10, 5, 3, 505
'BTF', 10, 5, 4, 501
'BTF', 11, 1, 0, 291
'BTF', 11, 1, 1, 325
'BTF', 11, 1, 2, 363
'BTF', 11, 1, 3, 407
'BTF', 11, 1, 4, 451
'BTF', 11, 2, 0, 364
'BTF', 11, 2, 1, 339
'BTF', 11, 2, 2, 390
'BTF', 11, 2, 3, 428
'BTF', 11, 2, 4, 471
'BTF', 11, 3, 0, 396
'BTF', 11, 3, 1, 415
'BTF', 11, 3, 2, 411
'BTF', 11, 3, 3, 437
'BTF', 11, 3, 4, 483
'BTF', 11, 4, 0, 426
'BTF', 11, 4, 1, 455
'BTF', 11, 4, 2, 444
'BTF', 11, 4, 3, 537
'BTF', 11, 4, 4, 516
'BTF', 11, 5, 0, 505
'BTF', 11, 5, 1, 518
'BTF', 11, 5, 2, 508
'BTF', 11, 5, 3, 536
'BTF', 11, 5, 4, 542
'BTF', 12, 1, 0, 299
'BTF', 12, 1, 1, 335
'BTF', 12, 1, 2, 388
'BTF', 12, 1, 3, 424
'BTF', 12, 1, 4, 492
'BTF', 12, 2, 0, 369
'BTF', 12, 2, 1, 381
'BTF', 12, 2, 2, 448
'BTF', 12, 2, 3, 448
'BTF', 12, 2, 4, 505
'BTF', 12, 3, 0, 437
'BTF', 12, 3, 1, 418
'BTF', 12, 3, 2, 419
'BTF', 12, 3, 3, 455
'BTF', 12, 3, 4, 573
'BTF', 12, 4, 0, 501
'BTF', 12, 4, 1, 456
'BTF', 12, 4, 2, 449
'BTF', 12, 4, 3, 532
'BTF', 12, 4, 4, 541
'BTF', 12, 5, 0, 550
'BTF', 12, 5, 1, 545
'BTF', 12, 5, 2, 574
'BTF', 12, 5, 3, 557
'BTF', 12, 5, 4, 582
'BTF', 13, 1, 0, 365
'BTF', 13, 1, 1, 354
'BTF', 13, 1, 2, 412
'BTF', 13, 1, 3, 426
'BTF', 13, 1, 4, 536
'BTF', 13, 2, 0, 393
'BTF', 13, 2, 1, 431
'BTF', 13, 2, 2, 458
'BTF', 13, 2, 3, 518
'BTF', 13, 2, 4, 612
'BTF', 13, 3, 0, 461
'BTF', 13, 3, 1, 485
'BTF', 13, 3, 2, 514
'BTF', 13, 3, 3, 538
'BTF', 13, 3, 4, 591
'BTF', 13, 4, 0, 514
'BTF', 13, 4, 1, 516
'BTF', 13, 4, 2, 546
'BTF', 13, 4, 3, 571
'BTF', 13, 4, 4, 608
'BTF', 13, 5, 0, 607
'BTF', 13, 5, 1, 591
'BTF', 13, 5, 2, 600
'BTF', 13, 5, 3, 603
'BTF', 13, 5, 4, 639
'BTF', 14, 1, 0, 342
'BTF', 14, 1, 1, 377
'BTF', 14, 1, 2, 419
'BTF', 14, 1, 3, 491
'BTF', 14, 1, 4, 558
'BTF', 14, 2, 0, 411
'BTF', 14, 2, 1, 414
'BTF', 14, 2, 2, 452
'BTF', 14, 2, 3, 571
'BTF', 14, 2, 4, 614
'BTF', 14, 3, 0, 492
'BTF', 14, 3, 1, 520
'BTF', 14, 3, 2, 535
'BTF', 14, 3, 3, 584
'BTF', 14, 3, 4, 585
'BTF', 14, 4, 0, 575
'BTF', 14, 4, 1, 573
'BTF', 14, 4, 2, 581
'BTF', 14, 4, 3, 605
'BTF', 14, 4, 4, 653
'BTF', 14, 5, 0, 662
'BTF', 14, 5, 1, 648
'BTF', 14, 5, 2, 633
'BTF', 14, 5, 3, 657
'BTF', 14, 5, 4, 714
'BTF', 15, 1, 0, 390
'BTF', 15, 1, 1, 431
'BTF', 15, 1, 2, 470
'BTF', 15, 1, 3, 496
'BTF', 15, 1, 4, 578
'BTF', 15, 2, 0, 431
'BTF', 15, 2, 1, 492
'BTF', 15, 2, 2, 519
'BTF', 15, 2, 3, 572
'BTF', 15, 2, 4, 642
'BTF', 15, 3, 0, 562
'BTF', 15, 3, 1, 559
'BTF', 15, 3, 2, 537
'BTF', 15, 3, 3, 542
'BTF', 15, 3, 4, 633
'BTF', 15, 4, 0, 622
'BTF', 15, 4, 1, 602
'BTF', 15, 4, 2, 593
'BTF', 15, 4, 3, 673
'BTF', 15, 4, 4, 747
'BTF', 15, 5, 0, 698
'BTF', 15, 5, 1, 655
'BTF', 15, 5, 2, 731
'BTF', 15, 5, 3, 683
'BTF', 15, 5, 4, 712
'BTF', 16, 1, 0, 390
'BTF', 16, 1, 1, 449
'BTF', 16, 1, 2, 508
'BTF', 16, 1, 3, 556
'BTF', 16, 1, 4, 643
'BTF', 16, 2, 0, 490
'BTF', 16, 2, 1, 509
'BTF', 16, 2, 2, 533
'BTF', 16, 2, 3, 626
'BTF', 16, 2, 4, 663
'BTF', 16, 3, 0, 558
'BTF', 16, 3, 1, 572
'BTF', 16, 3, 2, 653
'BTF', 16, 3, 3, 669
'BTF', 16, 3, 4, 695
'BTF', 16, 4, 0, 656
'BTF', 16, 4, 1, 666
'BTF', 16, 4, 2, 707
'BTF', 16, 4, 3, 695
'BTF', 16, 4, 4, 757
'BTF', 16, 5, 0, 740
'BTF', 16, 5, 1, 732
'BTF', 16, 5, 2, 737
'BTF', 16, 5, 3, 756
'BTF', 16, 5, 4, 776
'BTF', 17, 1, 0, 440
'BTF', 17, 1, 1, 479
'BTF', 17, 1, 2, 529
'BTF', 17, 1, 3, 578
'BTF', 17, 1, 4, 664
'BTF', 17, 2, 0, 529
'BTF', 17, 2, 1, 514
'BTF', 17, 2, 2, 602
'BTF', 17, 2, 3, 619
'BTF', 17, 2, 4, 703
'BTF', 17, 3, 0, 620
'BTF', 17, 3, 1, 584
'BTF', 17, 3, 2, 596
'BTF', 17, 3, 3, 697
'BTF', 17, 3, 4, 696
'BTF', 17, 4, 0, 702
'BTF', 17, 4, 1, 655
'BTF', 17, 4, 2, 711
'BTF', 17, 4, 3, 769
'BTF', 17, 4, 4, 837
'BTF', 17, 5, 0, 794
'BTF', 17, 5, 1, 785
'BTF', 17, 5, 2, 793
'BTF', 17, 5, 3, 832
'BTF', 17, 5, 4, 892
'BTF', 18, 1, 0, 453
'BTF', 18, 1, 1, 503
'BTF', 18, 1, 2, 592
'BTF', 18, 1, 3, 647
'BTF', 18, 1, 4, 712
'BTF', 18, 2, 0, 526
'BTF', 18, 2, 1, 598
'BTF', 18, 2, 2, 586
'BTF', 18, 2, 3, 679
'BTF', 18, 2, 4, 732
'BTF', 18, 3, 0, 675
'BTF', 18, 3, 1, 679
'BTF', 18, 3, 2, 642
'BTF', 18, 3, 3, 734
'BTF', 18, 3, 4, 791
'BTF', 18, 4, 0, 743
'BTF', 18, 4, 1, 753
'BTF', 18, 4, 2, 738
'BTF', 18, 4, 3, 858
'BTF', 18, 4, 4, 811
'BTF', 18, 5, 0, 813
'BTF', 18, 5, 1, 831
'BTF', 18, 5, 2, 812
'BTF', 18, 5, 3, 852
'BTF', 18, 5, 4, 915
'BTF', 19, 1, 0, 481
'BTF', 19, 1, 1, 496
'BTF', 19, 1, 2, 610
'BTF', 19, 1, 3, 696
'BTF', 19, 1, 4, 739
'BTF', 19, 2, 0, 551
'BTF', 19, 2, 1, 576
'BTF', 19, 2, 2, 655
'BTF', 19, 2, 3, 714
'BTF', 19, 2, 4, 773
'BTF', 19, 3, 0, 640
'BTF', 19, 3, 1, 689
'BTF', 19, 3, 2, 693
'BTF', 19, 3, 3, 770
'BTF', 19, 3, 4, 858
'BTF', 19, 4, 0, 763
'BTF', 19, 4, 1, 787
'BTF', 19, 4, 2, 804
'BTF', 19, 4, 3, 848
'BTF', 19, 4, 4, 937
'BTF', 19, 5, 0, 873
'BTF', 19, 5, 1, 822
'BTF', 19, 5, 2, 901
'BTF', 19, 5, 3, 925
'BTF', 19, 5, 4, 938
'BTF', 20, 1, 0, 512
'BTF', 20, 1, 1, 552
'BTF', 20, 1, 2, 674
'BTF', 20, 1, 3, 717
'BTF', 20, 1, 4, 786
'BTF', 20, 2, 0, 602
'BTF', 20, 2, 1, 638
'BTF', 20, 2, 2, 697
'BTF', 20, 2, 3, 781
'BTF', 20, 2, 4, 824
'BTF', 20, 3, 0, 701
'BTF', 20, 3, 1, 681
'BTF', 20, 3, 2, 797
'BTF', 20, 3, 3, 819
'BTF', 20, 3, 4, 886
'BTF', 20, 4, 0, 834
'BTF', 20, 4, 1, 797
'BTF', 20, 4, 2, 864
'BTF', 20, 4, 3, 868
'BTF', 20, 4, 4, 947
'BTF', 20, 5, 0, 913
'BTF', 20, 5, 1, 917
'BTF', 20, 5, 2, 930
'BTF', 20, 5, 3, 1000
'BTF', 20, 5, 4, 1000
'BTF', 21, 1, 0, 525
'BTF', 21, 1, 1, 597
'BTF', 21, 1, 2, 642
'BTF', 21, 1, 3, 753
'BTF', 21, 1, 4, 845
'BTF', 21, 2, 0, 648
'BTF', 21, 2, 1, 660
'BTF', 21, 2, 2, 723
'BTF', 21, 2, 3, 802
'BTF', 21, 2, 4, 878
'BTF', 21, 3, 0, 796
'BTF', 21, 3, 1, 730
'BTF', 21, 3, 2, 789
'BTF', 21, 3, 3, 942
'BTF', 21, 3, 4, 946
'BTF', 21, 4, 0, 852
'BTF', 21, 4, 1, 831
'BTF', 21, 4, 2, 888
'BTF', 21, 4, 3, 946
'BTF', 21, 4, 4, 981
'BTF', 21, 5, 0, 988
'BTF', 21, 5, 1, 969
'BTF', 21, 5, 2, 1000
'BTF', 21, 5, 3, 979
'BTF', 21, 5, 4, 1046
'BTF', 22, 1, 0, 547
'BTF', 22, 1, 1, 629
'BTF', 22, 1, 2, 692
'BTF', 22, 1, 3, 740
'BTF', 22, 1, 4, 852
'BTF', 22, 2, 0, 626
'BTF', 22, 2, 1, 649
'BTF', 22, 2, 2, 729
'BTF', 22, 2, 3, 825
'BTF', 22, 2, 4, 920
'BTF', 22, 3, 0, 771
'BTF', 22, 3, 1, 778
'BTF', 22, 3, 2, 805
'BTF', 22, 3, 3, 897
'BTF', 22, 3, 4, 952
'BTF', 22, 4, 0, 868
'BTF', 22, 4, 1, 888
'BTF', 22, 4, 2, 940
'BTF', 22, 4, 3, 964
'BTF', 22, 4, 4, 1019
'BTF', 22, 5, 0, 1000
'BTF', 22, 5, 1, 997
'BTF', 22, 5, 2, 1003
'BTF', 22, 5, 3, 1068
'BTF', 22, 5, 4, 1148
'BTF', 23, 1, 0, 626
'BTF', 23, 1, 1, 616
'BTF', 23, 1, 2, 709
'BTF', 23, 1, 3, 795
'BTF', 23, 1, 4, 933
'BTF', 23, 2, 0, 690
'BTF', 23, 2, 1, 701
'BTF', 23, 2, 2, 816
'BTF', 23, 2, 3, 871
'BTF', 23, 2, 4, 971
'BTF', 23, 3, 0, 832
'BTF', 23, 3, 1, 808
'BTF', 23, 3, 2, 863
'BTF', 23, 3, 3, 968
'BTF', 23, 3, 4, 1033
'BTF', 23, 4, 0, 935
'BTF', 23, 4, 1, 974
'BTF', 23, 4, 2, 962
'BTF', 23, 4, 3, 1033
'BTF', 23, 4, 4, 1043
'BTF', 23, 5, 0, 1088
'BTF', 23, 5, 1, 1059
'BTF', 23, 5, 2, 1048
'BTF', 23, 5, 3, 1086
'BTF', 23, 5, 4, 1193
'BTF', 24, 1, 0, 602
'BTF', 24, 1, 1, 642
'BTF', 24, 1, 2, 755
'BTF', 24, 1, 3, 866
'BTF', 24, 1, 4, 959
'BTF', 24, 2, 0, 724
'BTF', 24, 2, 1, 779
'BTF', 24, 2, 2, 805
'BTF', 24, 2, 3, 909
'BTF', 24, 2, 4, 1032
'BTF', 24, 3, 0, 821
'BTF', 24, 3, 1, 847
'BTF', 24, 3, 2, 871
'BTF', 24, 3, 3, 975
'BTF', 24, 3, 4, 1101
'BTF', 24, 4, 0, 952
'BTF', 24, 4, 1, 960
'BTF', 24, 4, 2, 990
'BTF', 24, 4, 3, 1038
'BTF', 24, 4, 4, 1142
'BTF', 24, 5, 0, 1101
'BTF', 24, 5, 1, 1056
'BTF', 24, 5, 2, 1120
'BTF', 24, 5, 3, 1190
'BTF', 24, 5, 4, 1215
'BTF', 25, 1, 0, 592
'BTF', 25, 1, 1, 692
'BTF', 25, 1, 2, 832
'BTF', 25, 1, 3, 935
'BTF', 25, 1, 4, 983
'BTF', 25, 2, 0, 785
'BTF', 25, 2, 1, 737
'BTF', 25, 2, 2, 851
'BTF', 25, 2, 3, 932
'BTF', 25, 2, 4, 957
'BTF', 25, 3, 0, 911
'BTF', 25, 3, 1, 906
'BTF', 25, 3, 2, 970
'BTF', 25, 3, 3, 977
'BTF', 25, 3, 4, 1142
'BTF', 25, 4, 0, 1023
'BTF', 25, 4, 1, 1025
'BTF', 25, 4, 2, 996
'BTF', 25, 4, 3, 1080
'BTF', 25, 4, 4, 1163
'BTF', 25, 5, 0, 1114
'BTF', 25, 5, 1, 1114
'BTF', 25, 5, 2, 1154
'BTF', 25, 5, 3, 1221
'BTF', 25, 5, 4, 1258
'BTF', 26, 1, 0, 682
'BTF', 26, 1, 1, 738
'BTF', 26, 1, 2, 879
'BTF', 26, 1, 3, 901
'BTF', 26, 1, 4, 1057
'BTF', 26, 2, 0, 797
'BTF', 26, 2, 1, 811
'BTF', 26, 2, 2, 891
'BTF', 26, 2, 3, 953
'BTF', 26, 2, 4, 1082
'BTF', 26, 3, 0, 918
'BTF', 26, 3, 1, 903
'BTF', 26, 3, 2, 960
'BTF', 26, 3, 3, 1067
'BTF', 26, 3, 4, 1083
'BTF', 26, 4, 0, 1042
'BTF', 26, 4, 1, 1066
'BTF', 26, 4, 2, 1127
'BTF', 26, 4, 3, 1186
'BTF', 26, 4, 4, 1218
'BTF', 26, 5, 0, 1203
'BTF', 26, 5, 1, 1144
'BTF', 26, 5, 2, 1161
'BTF', 26, 5, 3, 1237
'BTF', 26, 5, 4, 1356
'BTF', 27, 1, 0, 658
'BTF', 27, 1, 1, 765
'BTF', 27, 1, 2, 864
'BTF', 27, 1, 3, 973
'BTF', 27, 1, 4, 1062
'BTF', 27, 2, 0, 818
'BTF', 27, 2, 1, 844
'BTF', 27, 2, 2, 909
'BTF', 27, 2, 3, 985
'BTF', 27, 2, 4, 1151
'BTF', 27, 3, 0, 903
'BTF', 27, 3, 1, 966
'BTF', 27, 3, 2, 1033
'BTF', 27, 3, 3, 1122
'BTF', 27, 3, 4, 1241
'BTF', 27, 4, 0, 1099
'BTF', 27, 4, 1, 1018
'BTF', 27, 4, 2, 1044
'BTF', 27, 4, 3, 1128
'BTF', 27, 4, 4, 1203
'BTF', 27, 5, 0, 1203
'BTF', 27, 5, 1, 1264
'BTF', 27, 5, 2, 1150
'BTF', 27, 5, 3, 1295
'BTF', 27, 5, 4, 1410
'BTF', 28, 1, 0, 673
'BTF', 28, 1, 1, 783
'BTF', 28, 1, 2, 938
'BTF', 28, 1, 3, 1035
'BTF', 28, 1, 4, 1084
'BTF', 28, 2, 0, 839
'BTF', 28, 2, 1, 859
'BTF', 28, 2, 2, 966
'BTF', 28, 2, 3, 1025
'BTF', 28, 2, 4, 1143
'BTF', 28, 3, 0, 1004
'BTF', 28, 3, 1, 995
'BTF', 28, 3, 2, 990
'BTF', 28, 3, 3, 1172
'BTF', 28, 3, 4, 1185
'BTF', 28, 4, 0, 1113
'BTF', 28, 4, 1, 1127
'BTF', 28, 4, 2, 1144
'BTF', 28, 4, 3, 1303
'BTF', 28, 4, 4, 1357
'BTF', 28, 5, 0, 1264
'BTF', 28, 5, 1, 1231
'BTF', 28, 5, 2, 1272
'BTF', 28, 5, 3, 1343
'BTF', 28, 5, 4, 1366
'BTF', 29, 1, 0, 727
'BTF', 29, 1, 1, 789
'BTF', 29, 1, 2, 908
'BTF', 29, 1, 3, 1036
'BTF', 29, 1, 4, 1148
'BTF', 29, 2, 0, 888
'BTF', 29, 2, 1, 906
'BTF', 29, 2, 2, 956
'BTF', 29, 2, 3, 1089
'BTF', 29, 2, 4, 1237
'BTF', 29, 3, 0, 992
'BTF', 29, 3, 1, 1004
'BTF', 29, 3, 2, 1066
'BTF', 29, 3, 3, 1076
'BTF', 29, 3, 4, 1315
'BTF', 29, 4, 0, 1160
'BTF', 29, 4, 1, 1189
'BTF', 29, 4, 2, 1226
'BTF', 29, 4, 3, 1306
'BTF', 29, 4, 4, 1450
'BTF', 29, 5, 0, 1298
'BTF', 29, 5, 1, 1306
'BTF', 29, 5, 2, 1350
'BTF', 29, 5, 3, 1331
'BTF', 29, 5, 4, 1483
'BTF', 30, 1, 0, 751
'BTF', 30, 1, 1, 819
'BTF', 30, 1, 2, 952
'BTF', 30, 1, 3, 1098
'BTF', 30, 1, 4, 1180
'BTF', 30, 2, 0, 938
'BTF', 30, 2, 1, 964
'BTF', 30, 2, 2, 1002
'BTF', 30, 2, 3, 1175
'BTF', 30, 2, 4, 1283
'BTF', 30, 3, 0, 1087
'BTF', 30, 3, 1, 1065
'BTF', 30, 3, 2, 1137
'BTF', 30, 3, 3, 1224
'BTF', 30, 3, 4, 1309
'BTF', 30, 4, 0, 1225
'BTF', 30, 4, 1, 1182
'BTF', 30, 4, 2, 1284
'BTF', 30, 4, 3, 1358
'BTF', 30, 4, 4, 1352
'BTF', 30, 5, 0, 1339
'BTF', 30, 5, 1, 1361
'BTF', 30, 5, 2, 1362
'BTF', 30, 5, 3, 1366
'BTF', 30, 5, 4, 1626
'BTF', 31, 1, 0, 800
'BTF', 31, 1, 1, 866
'BTF', 31, 1, 2, 1018
'BTF', 31, 1, 3, 1146
'BTF', 31, 1, 4, 1232
'BTF', 31, 2, 0, 927
'BTF', 31, 2, 1, 921
'BTF', 31, 2, 2, 1006
'BTF', 31, 2, 3, 1152
'BTF', 31, 2, 4, 1260
'BTF', 31, 3, 0, 1074
'BTF', 31, 3, 1, 1094
'BTF', 31, 3, 2, 1103
'BTF', 31, 3, 3, 1234
'BTF', 31, 3, 4, 1356
'BTF', 31, 4, 0, 1270
'BTF', 31, 4, 1, 1244
'BTF', 31, 4, 2, 1294
'BTF', 31, 4, 3, 1369
'BTF', 31, 4, 4, 1455
'BTF', 31, 5, 0, 1416
'BTF', 31, 5, 1, 1377
'BTF', 31, 5, 2, 1367
'BTF', 31, 5, 3, 1481
'BTF', 31, 5, 4, 1558
'BTF', 32, 1, 0, 800
'BTF', 32, 1, 1, 916
'BTF', 32, 1, 2, 1018
'BTF', 32, 1, 3, 1157
'BTF', 32, 1, 4, 1247
'BTF', 32, 2, 0, 955
'BTF', 32, 2, 1, 952
'BTF', 32, 2, 2, 1069
'BTF', 32, 2, 3, 1266
'BTF', 32, 2, 4, 1354
'BTF', 32, 3, 0, 1089
'BTF', 32, 3, 1, 1164
'BTF', 32, 3, 2, 1177
'BTF', 32, 3, 3, 1285
'BTF', 32, 3, 4, 1357
'BTF', 32, 4, 0, 1288
'BTF', 32, 4, 1, 1303
'BTF', 32, 4, 2, 1325
'BTF', 32, 4, 3, 1381
'BTF', 32, 4, 4, 1512
'BTF', 32, 5, 0, 1456
'BTF', 32, 5, 1, 1478
'BTF', 32, 5, 2, 1455
'BTF', 32, 5, 3, 1506
'BTF', 32, 5, 4, 1562
'BTF', 33, 1, 0, 825
'BTF', 33, 1, 1, 931
'BTF', 33, 1, 2, 1074
'BTF', 33, 1, 3, 1201
'BTF', 33, 1, 4, 1302
'BTF', 33, 2, 0, 1006
'BTF', 33, 2, 1, 1046
'BTF', 33, 2, 2, 1140
'BTF', 33, 2, 3, 1244
'BTF', 33, 2, 4, 1419
'BTF', 33, 3, 0, 1154
'BTF', 33, 3, 1, 1174
'BTF', 33, 3, 2, 1227
'BTF', 33, 3, 3, 1368
'BTF', 33, 3, 4, 1416
'BTF', 33, 4, 0, 1350
'BTF', 33, 4, 1, 1390
'BTF', 33, 4, 2, 1337
'BTF', 33, 4, 3, 1451
'BTF', 33, 4, 4, 1556
'BTF', 33, 5, 0, 1507
'BTF', 33, 5, 1, 1444
'BTF', 33, 5, 2, 1548
'BTF', 33, 5, 3, 1585
'BTF', 33, 5, 4, 1626
'BTF', 34, 1, 0, 845
'BTF', 34, 1, 1, 938
'BTF', 34, 1, 2, 1047
'BTF', 34, 1, 3, 1183
'BTF', 34, 1, 4, 1373
'BTF', 34, 2, 0, 1006
'BTF', 34, 2, 1, 1095
'BTF', 34, 2, 2, 1151
'BTF', 34, 2, 3, 1302
'BTF', 34, 2, 4, 1385
'BTF', 34, 3, 0, 1204
'BTF', 34, 3, 1, 1165
'BTF', 34, 3, 2, 1259
'BTF', 34, 3, 3, 1326
'BTF', 34, 3, 4, 1540
'BTF', 34, 4, 0, 1363
'BTF', 34, 4, 1, 1394
'BTF', 34, 4, 2, 1464
'BTF', 34, 4, 3, 1474
'BTF', 34, 4, 4, 1545
'BTF', 34, 5, 0, 1507
'BTF', 34, 5, 1, 1557
'BTF', 34, 5, 2, 1563
'BTF', 34, 5, 3, 1606
'BTF', 34, 5, 4, 1755
'BTF', 35, 1, 0, 895
'BTF', 35, 1, 1, 972
'BTF', 35, 1, 2, 1121
'BTF', 35, 1, 3, 1230
'BTF', 35, 1, 4, 1374
'BTF', 35, 2, 0, 1038
'BTF', 35, 2, 1, 1039
'BTF', 35, 2, 2, 1180
'BTF', 35, 2, 3, 1308
'BTF', 35, 2, 4, 1483
'BTF', 35, 3, 0, 1241
'BTF', 35, 3, 1, 1208
'BTF', 35, 3, 2, 1337
'BTF', 35, 3, 3, 1471
'BTF', 35, 3, 4, 1638
'BTF', 35, 4, 0, 1429
'BTF', 35, 4, 1, 1396
'BTF', 35, 4, 2, 1474
'BTF', 35, 4, 3, 1572
'BTF', 35, 4, 4, 1670
'BTF', 35, 5, 0, 1610
'BTF', 35, 5, 1, 1634
'BTF', 35, 5, 2, 1627
'BTF', 35, 5, 3, 1698
'BTF', 35, 5, 4, 1698
'BTF', 36, 1, 0, 908
'BTF', 36, 1, 1, 960
'BTF', 36, 1, 2, 1110
'BTF', 36, 1, 3, 1290
'BTF', 36, 1, 4, 1501
'BTF', 36, 2, 0, 1091
'BTF', 36, 2, 1, 1143
'BTF', 36, 2, 2, 1251
'BTF', 36, 2, 3, 1292
'BTF', 36, 2, 4, 1504
'BTF', 36, 3, 0, 1277
'BTF', 36, 3, 1, 1274
'BTF', 36, 3, 2, 1392
'BTF', 36, 3, 3, 1450
'BTF', 36, 3, 4, 1604
'BTF', 36, 4, 0, 1465
'BTF', 36, 4, 1, 1420
'BTF', 36, 4, 2, 1428
'BTF', 36, 4, 3, 1571
'BTF', 36, 4, 4, 1716
'BTF', 36, 5, 0, 1597
'BTF', 36, 5, 1, 1649
'BTF', 36, 5, 2, 1609
'BTF', 36, 5, 3, 1695
'BTF', 36, 5, 4, 1855
'FTB', 5, 1, 0, 154
'FTB', 5, 1, 1, 166
'FTB', 5, 1, 2, 208
'FTB', 5, 1, 3, 212
'FTB', 5, 1, 4, 241
'FTB', 5, 2, 0, 190
'FTB', 5, 2, 1, 190
'FTB', 5, 2, 2, 193
'FTB', 5, 2, 3, 222
'FTB', 5, 2, 4, 213
'FTB', 5, 3, 0, 228
'FTB', 5, 3, 1, 210
'FTB', 5, 3, 2, 239
'FTB', 5, 3, 3, 241
'FTB', 5, 3, 4, 230
'FTB', 5, 4, 0, 268
'FTB', 5, 4, 1, 252
'FTB', 5, 4, 2, 280
'FTB', 5, 4, 3, 254
'FTB', 5, 4, 4, 302
'FTB', 5, 5, 0, 278
'FTB', 5, 5, 1, 268
'FTB', 5, 5, 2, 280
'FTB', 5, 5, 3, 321
'FTB', 5, 5, 4, 310
'FTB', 6, 1, 0, 219
'FTB', 6, 1, 1, 218
'FTB', 6, 1, 2, 233
'FTB', 6, 1, 3, 306
'FTB', 6, 1, 4, 297
'FTB', 6, 2, 0, 223
'FTB', 6, 2, 1, 230
'FTB', 6, 2, 2, 237
'FTB', 6, 2, 3, 281
'FTB', 6, 2, 4, 312
'FTB', 6, 3, 0, 263
'FTB', 6, 3, 1, 238
'FTB', 6, 3, 2, 306
'FTB', 6, 3, 3, 316
'FTB', 6, 3, 4, 309
'FTB', 6, 4, 0, 325
'FTB', 6, 4, 1, 292
'FTB', 6, 4, 2, 306
'FTB', 6, 4, 3, 303
'FTB', 6, 4, 4, 369
'FTB', 6, 5, 0, 341
'FTB', 6, 5, 1, 348
'FTB', 6, 5, 2, 330
'FTB', 6, 5, 3, 318
'FTB', 6, 5, 4, 389
'FTB', 7, 1, 0, 236
'FTB', 7, 1, 1, 239
'FTB', 7, 1, 2, 278
'FTB', 7, 1, 3, 331
'FTB', 7, 1, 4, 385
'FTB', 7, 2, 0, 252
'FTB', 7, 2, 1, 273
'FTB', 7, 2, 2, 311
'FTB', 7, 2, 3, 334
'FTB', 7, 2, 4, 367
'FTB', 7, 3, 0, 318
'FTB', 7, 3, 1, 315
'FTB', 7, 3, 2, 335
'FTB', 7, 3, 3, 368
'FTB', 7, 3, 4, 386
'FTB', 7, 4, 0, 352
'FTB', 7, 4, 1, 335
'FTB', 7, 4, 2, 382
'FTB', 7, 4, 3, 358
'FTB', 7, 4, 4, 407
'FTB', 7, 5, 0, 416
'FTB', 7, 5, 1, 393
'FTB', 7, 5, 2, 356
'FTB', 7, 5, 3, 416
'FTB', 7, 5, 4, 482
'FTB', 8, 1, 0, 235
'FTB', 8, 1, 1, 307
'FTB', 8, 1, 2, 330
'FTB', 8, 1, 3, 351
'FTB', 8, 1, 4, 368
'FTB', 8, 2, 0, 281
'FTB', 8, 2, 1, 294
'FTB', 8, 2, 2, 326
'FTB', 8, 2, 3, 385
'FTB', 8, 2, 4, 428
'FTB', 8, 3, 0, 351
'FTB', 8, 3, 1, 337
'FTB', 8, 3, 2, 383
'FTB', 8, 3, 3, 393
'FTB', 8, 3, 4, 439
'FTB', 8, 4, 0, 403
'FTB', 8, 4, 1, 410
'FTB', 8, 4, 2, 411
'FTB', 8, 4, 3, 398
'FTB', 8, 4, 4, 410
'FTB', 8, 5, 0, 449
'FTB', 8, 5, 1, 466
'FTB', 8, 5, 2, 449
'FTB', 8, 5, 3, 454
'FTB', 8, 5, 4, 537
'FTB', 9, 1, 0, 284
'FTB', 9, 1, 1, 277
'FTB', 9, 1, 2, 358
'FTB', 9, 1, 3, 386
'FTB', 9, 1, 4, 438
'FTB', 9, 2, 0, 352
'FTB', 9, 2, 1, 371
'FTB', 9, 2, 2, 362
'FTB', 9, 2, 3, 446
'FTB', 9, 2, 4, 477
'FTB', 9, 3, 0, 396
'FTB', 9, 3, 1, 375
'FTB', 9, 3, 2, 407
'FTB', 9, 3, 3, 444
'FTB', 9, 3, 4, 502
'FTB', 9, 4, 0, 460
'FTB', 9, 4, 1, 465
'FTB', 9, 4, 2, 448
'FTB', 9, 4, 3, 479
'FTB', 9, 4, 4, 472
'FTB', 9, 5, 0, 498
'FTB', 9, 5, 1, 509
'FTB', 9, 5, 2, 531
'FTB', 9, 5, 3, 537
'FTB', 9, 5, 4, 560
'FTB', 10, 1, 0, 301
'FTB', 10, 1, 1, 348
'FTB', 10, 1, 2, 414
'FTB', 10, 1, 3, 430
'FTB', 10, 1, 4, 466
'FTB', 10, 2, 0, 361
'FTB', 10, 2, 1, 380
'FTB', 10, 2, 2, 428
'FTB', 10, 2, 3, 435
'FTB', 10, 2, 4, 495
'FTB', 10, 3, 0, 443
'FTB', 10, 3, 1, 452
'FTB', 10, 3, 2, 432
'FTB', 10, 3, 3, 531
'FTB', 10, 3, 4, 603
'FTB', 10, 4, 0, 495
'FTB', 10, 4, 1, 514
'FTB', 10, 4, 2, 514
'FTB', 10, 4, 3, 536
'FTB', 10, 4, 4, 558
'FTB', 10, 5, 0, 553
'FTB', 10, 5, 1, 566
'FTB', 10, 5, 2, 577
'FTB', 10, 5, 3, 578
'FTB', 10, 5, 4, 637
'FTB', 11, 1, 0, 358
'FTB', 11, 1, 1, 384
'FTB', 11, 1, 2, 395
'FTB', 11, 1, 3, 515
'FTB', 11, 1, 4, 535
'FTB', 11, 2, 0, 390
'FTB', 11, 2, 1, 433
'FTB', 11, 2, 2, 443
'FTB', 11, 2, 3, 549
'FTB', 11, 2, 4, 538
'FTB', 11, 3, 0, 496
'FTB', 11, 3, 1, 475
'FTB', 11, 3, 2, 497
'FTB', 11, 3, 3, 600
'FTB', 11, 3, 4, 622
'FTB', 11, 4, 0, 544
'FTB', 11, 4, 1, 547
'FTB', 11, 4, 2, 571
'FTB', 11, 4, 3, 643
'FTB', 11, 4, 4, 628
'FTB', 11, 5, 0, 610
'FTB', 11, 5, 1, 629
'FTB', 11, 5, 2, 636
'FTB', 11, 5, 3, 641
'FTB', 11, 5, 4, 677
'FTB', 12, 1, 0, 371
'FTB', 12, 1, 1, 417
'FTB', 12, 1, 2, 476
'FTB', 12, 1, 3, 549
'FTB', 12, 1, 4, 626
'FTB', 12, 2, 0, 455
'FTB', 12, 2, 1, 467
'FTB', 12, 2, 2, 494
'FTB', 12, 2, 3, 547
'FTB', 12, 2, 4, 585
'FTB', 12, 3, 0, 527
'FTB', 12, 3, 1, 557
'FTB', 12, 3, 2, 548
'FTB', 12, 3, 3, 573
'FTB', 12, 3, 4, 649
'FTB', 12, 4, 0, 585
'FTB', 12, 4, 1, 607
'FTB', 12, 4, 2, 614
'FTB', 12, 4, 3, 678
'FTB', 12, 4, 4, 678
'FTB', 12, 5, 0, 643
'FTB', 12, 5, 1, 639
'FTB', 12, 5, 2, 703
'FTB', 12, 5, 3, 658
'FTB', 12, 5, 4, 775
'FTB', 13, 1, 0, 440
'FTB', 13, 1, 1, 456
'FTB', 13, 1, 2, 491
'FTB', 13, 1, 3, 591
'FTB', 13, 1, 4, 630
'FTB', 13, 2, 0, 476
'FTB', 13, 2, 1, 482
'FTB', 13, 2, 2, 589
'FTB', 13, 2, 3, 636
'FTB', 13, 2, 4, 731
'FTB', 13, 3, 0, 562
'FTB', 13, 3, 1, 590
'FTB', 13, 3, 2, 575
'FTB', 13, 3, 3, 623
'FTB', 13, 3, 4, 723
'FTB', 13, 4, 0, 632
'FTB', 13, 4, 1, 665
'FTB', 13, 4, 2, 629
'FTB', 13, 4, 3, 742
'FTB', 13, 4, 4, 732
'FTB', 13, 5, 0, 724
'FTB', 13, 5, 1, 721
'FTB', 13, 5, 2, 742
'FTB', 13, 5, 3, 701
'FTB', 13, 5, 4, 791
'FTB', 14, 1, 0, 445
'FTB', 14, 1, 1, 496
'FTB', 14, 1, 2, 548
'FTB', 14, 1, 3, 606
'FTB', 14, 1, 4, 675
'FTB', 14, 2, 0, 527
'FTB', 14, 2, 1, 565
'FTB', 14, 2, 2, 634
'FTB', 14, 2, 3, 679
'FTB', 14, 2, 4, 700
'FTB', 14, 3, 0, 611
'FTB', 14, 3, 1, 621
'FTB', 14, 3, 2, 619
'FTB', 14, 3, 3, 730
'FTB', 14, 3, 4, 783
'FTB', 14, 4, 0, 681
'FTB', 14, 4, 1, 696
'FTB', 14, 4, 2, 711
'FTB', 14, 4, 3, 762
'FTB', 14, 4, 4, 804
'FTB', 14, 5, 0, 749
'FTB', 14, 5, 1, 788
'FTB', 14, 5, 2, 797
'FTB', 14, 5, 3, 854
'FTB', 14, 5, 4, 846
'FTB', 15, 1, 0, 456
'FTB', 15, 1, 1, 554
'FTB', 15, 1, 2, 566
'FTB', 15, 1, 3, 677
'FTB', 15, 1, 4, 722
'FTB', 15, 2, 0, 540
'FTB', 15, 2, 1, 575
'FTB', 15, 2, 2, 602
'FTB', 15, 2, 3, 689
'FTB', 15, 2, 4, 795
'FTB', 15, 3, 0, 652
'FTB', 15, 3, 1, 619
'FTB', 15, 3, 2, 674
'FTB', 15, 3, 3, 767
'FTB', 15, 3, 4, 780
'FTB', 15, 4, 0, 782
'FTB', 15, 4, 1, 748
'FTB', 15, 4, 2, 776
'FTB', 15, 4, 3, 854
'FTB', 15, 4, 4, 854
'FTB', 15, 5, 0, 846
'FTB', 15, 5, 1, 815
'FTB', 15, 5, 2, 841
'FTB', 15, 5, 3, 859
'FTB', 15, 5, 4, 1000
'FTB', 16, 1, 0, 515
'FTB', 16, 1, 1, 558
'FTB', 16, 1, 2, 606
'FTB', 16, 1, 3, 695
'FTB', 16, 1, 4, 805
'FTB', 16, 2, 0, 593
'FTB', 16, 2, 1, 589
'FTB', 16, 2, 2, 656
'FTB', 16, 2, 3, 775
'FTB', 16, 2, 4, 772
'FTB', 16, 3, 0, 705
'FTB', 16, 3, 1, 711
'FTB', 16, 3, 2, 717
'FTB', 16, 3, 3, 776
'FTB', 16, 3, 4, 875
'FTB', 16, 4, 0, 825
'FTB', 16, 4, 1, 825
'FTB', 16, 4, 2, 799
'FTB', 16, 4, 3, 790
'FTB', 16, 4, 4, 899
'FTB', 16, 5, 0, 891
'FTB', 16, 5, 1, 850
'FTB', 16, 5, 2, 976
'FTB', 16, 5, 3, 908
'FTB', 16, 5, 4, 976
'FTB', 17, 1, 0, 524
'FTB', 17, 1, 1, 584
'FTB', 17, 1, 2, 701
'FTB', 17, 1, 3, 722
'FTB', 17, 1, 4, 867
'FTB', 17, 2, 0, 668
'FTB', 17, 2, 1, 621
'FTB', 17, 2, 2, 709
'FTB', 17, 2, 3, 810
'FTB', 17, 2, 4, 854
'FTB', 17, 3, 0, 740
'FTB', 17, 3, 1, 723
'FTB', 17, 3, 2, 764
'FTB', 17, 3, 3, 867
'FTB', 17, 3, 4, 934
'FTB', 17, 4, 0, 864
'FTB', 17, 4, 1, 836
'FTB', 17, 4, 2, 835
'FTB', 17, 4, 3, 865
'FTB', 17, 4, 4, 982
'FTB', 17, 5, 0, 964
'FTB', 17, 5, 1, 925
'FTB', 17, 5, 2, 971
'FTB', 17, 5, 3, 1004
'FTB', 17, 5, 4, 1002
'FTB', 18, 1, 0, 625
'FTB', 18, 1, 1, 599
'FTB', 18, 1, 2, 684
'FTB', 18, 1, 3, 829
'FTB', 18, 1, 4, 883
'FTB', 18, 2, 0, 687
'FTB', 18, 2, 1, 673
'FTB', 18, 2, 2, 692
'FTB', 18, 2, 3, 858
'FTB', 18, 2, 4, 923
'FTB', 18, 3, 0, 799
'FTB', 18, 3, 1, 795
'FTB', 18, 3, 2, 835
'FTB', 18, 3, 3, 899
'FTB', 18, 3, 4, 948
'FTB', 18, 4, 0, 867
'FTB', 18, 4, 1, 939
'FTB', 18, 4, 2, 904
'FTB', 18, 4, 3, 951
'FTB', 18, 4, 4, 1043
'FTB', 18, 5, 0, 989
'FTB', 18, 5, 1, 1007
'FTB', 18, 5, 2, 990
'FTB', 18, 5, 3, 1085
'FTB', 18, 5, 4, 1132
'FTB', 19, 1, 0, 570
'FTB', 19, 1, 1, 665
'FTB', 19, 1, 2, 760
'FTB', 19, 1, 3, 876
'FTB', 19, 1, 4, 966
'FTB', 19, 2, 0, 740
'FTB', 19, 2, 1, 756
'FTB', 19, 2, 2, 820
'FTB', 19, 2, 3, 920
'FTB', 19, 2, 4, 1017
'FTB', 19, 3, 0, 830
'FTB', 19, 3, 1, 859
'FTB', 19, 3, 2, 886
'FTB', 19, 3, 3, 905
'FTB', 19, 3, 4, 1039
'FTB', 19, 4, 0, 950
'FTB', 19, 4, 1, 925
'FTB', 19, 4, 2, 931
'FTB', 19, 4, 3, 1006
'FTB', 19, 4, 4, 1093
'FTB', 19, 5, 0, 1056
'FTB', 19, 5, 1, 1087
'FTB', 19, 5, 2, 1055
'FTB', 19, 5, 3, 1101
'FTB', 19, 5, 4, 1224
'FTB', 20, 1, 0, 617
'FTB', 20, 1, 1, 711
'FTB', 20, 1, 2, 751
'FTB', 20, 1, 3, 918
'FTB', 20, 1, 4, 975
'FTB', 20, 2, 0, 735
'FTB', 20, 2, 1, 782
'FTB', 20, 2, 2, 809
'FTB', 20, 2, 3, 970
'FTB', 20, 2, 4, 1021
'FTB', 20, 3, 0, 849
'FTB', 20, 3, 1, 876
'FTB', 20, 3, 2, 899
'FTB', 20, 3, 3, 983
'FTB', 20, 3, 4, 1031
'FTB', 20, 4, 0, 977
'FTB', 20, 4, 1, 1019
'FTB', 20, 4, 2, 1081
'FTB', 20, 4, 3, 1121
'FTB', 20, 4, 4, 1165
'FTB', 20, 5, 0, 1109
'FTB', 20, 5, 1, 1068
'FTB', 20, 5, 2, 1151
'FTB', 20, 5, 3, 1173
'FTB', 20, 5, 4, 1247
'FTB', 21, 1, 0, 680
'FTB', 21, 1, 1, 742
'FTB', 21, 1, 2, 773
'FTB', 21, 1, 3, 896
'FTB', 21, 1, 4, 1012
'FTB', 21, 2, 0, 766
'FTB', 21, 2, 1, 792
'FTB', 21, 2, 2, 888
'FTB', 21, 2, 3, 1047
'FTB', 21, 2, 4, 1133
'FTB', 21, 3, 0, 924
'FTB', 21, 3, 1, 928
'FTB', 21, 3, 2, 947
'FTB', 21, 3, 3, 1063
'FTB', 21, 3, 4, 1213
'FTB', 21, 4, 0, 1012
'FTB', 21, 4, 1, 1035
'FTB', 21, 4, 2, 1084
'FTB', 21, 4, 3, 1100
'FTB', 21, 4, 4, 1192
'FTB', 21, 5, 0, 1174
'FTB', 21, 5, 1, 1166
'FTB', 21, 5, 2, 1201
'FTB', 21, 5, 3, 1257
'FTB', 21, 5, 4, 1283
'FTB', 22, 1, 0, 651
'FTB', 22, 1, 1, 759
'FTB', 22, 1, 2, 926
'FTB', 22, 1, 3, 973
'FTB', 22, 1, 4, 1070
'FTB', 22, 2, 0, 833
'FTB', 22, 2, 1, 842
'FTB', 22, 2, 2, 945
'FTB', 22, 2, 3, 1047
'FTB', 22, 2, 4, 1171
'FTB', 22, 3, 0, 973
'FTB', 22, 3, 1, 1003
'FTB', 22, 3, 2, 971
'FTB', 22, 3, 3, 1156
'FTB', 22, 3, 4, 1226
'FTB', 22, 4, 0, 1053
'FTB', 22, 4, 1, 1071
'FTB', 22, 4, 2, 1129
'FTB', 22, 4, 3, 1207
'FTB', 22, 4, 4, 1261
'FTB', 22, 5, 0, 1261
'FTB', 22, 5, 1, 1216
'FTB', 22, 5, 2, 1289
'FTB', 22, 5, 3, 1321
'FTB', 22, 5, 4, 1392
'FTB', 23, 1, 0, 692
'FTB', 23, 1, 1, 785
'FTB', 23, 1, 2, 903
'FTB', 23, 1, 3, 1022
'FTB', 23, 1, 4, 1208
'FTB', 23, 2, 0, 814
'FTB', 23, 2, 1, 870
'FTB', 23, 2, 2, 978
'FTB', 23, 2, 3, 1128
'FTB', 23, 2, 4, 1171
'FTB', 23, 3, 0, 978
'FTB', 23, 3, 1, 989
'FTB', 23, 3, 2, 1078
'FTB', 23, 3, 3, 1192
'FTB', 23, 3, 4, 1274
'FTB', 23, 4, 0, 1150
'FTB', 23, 4, 1, 1145
'FTB', 23, 4, 2, 1113
'FTB', 23, 4, 3, 1223
'FTB', 23, 4, 4, 1331
'FTB', 23, 5, 0, 1298
'FTB', 23, 5, 1, 1264
'FTB', 23, 5, 2, 1261
'FTB', 23, 5, 3, 1336
'FTB', 23, 5, 4, 1387
'FTB', 24, 1, 0, 793
'FTB', 24, 1, 1, 856
'FTB', 24, 1, 2, 926
'FTB', 24, 1, 3, 1006
'FTB', 24, 1, 4, 1173
'FTB', 24, 2, 0, 881
'FTB', 24, 2, 1, 901
'FTB', 24, 2, 2, 1033
'FTB', 24, 2, 3, 1077
'FTB', 24, 2, 4, 1244
'FTB', 24, 3, 0, 1017
'FTB', 24, 3, 1, 1042
'FTB', 24, 3, 2, 1095
'FTB', 24, 3, 3, 1184
'FTB', 24, 3, 4, 1313
'FTB', 24, 4, 0, 1179
'FTB', 24, 4, 1, 1168
'FTB', 24, 4, 2, 1209
'FTB', 24, 4, 3, 1331
'FTB', 24, 4, 4, 1388
'FTB', 24, 5, 0, 1315
'FTB', 24, 5, 1, 1380
'FTB', 24, 5, 2, 1336
'FTB', 24, 5, 3, 1422
'FTB', 24, 5, 4, 1455
'FTB', 25, 1, 0, 804
'FTB', 25, 1, 1, 895
'FTB', 25, 1, 2, 993
'FTB', 25, 1, 3, 1143
'FTB', 25, 1, 4, 1240
'FTB', 25, 2, 0, 916
'FTB', 25, 2, 1, 954
'FTB', 25, 2, 2, 1085
'FTB', 25, 2, 3, 1257
'FTB', 25, 2, 4, 1203
'FTB', 25, 3, 0, 1120
'FTB', 25, 3, 1, 1077
'FTB', 25, 3, 2, 1146
'FTB', 25, 3, 3, 1235
'FTB', 25, 3, 4, 1373
'FTB', 25, 4, 0, 1208
'FTB', 25, 4, 1, 1230
'FTB', 25, 4, 2, 1238
'FTB', 25, 4, 3, 1299
'FTB', 25, 4, 4, 1446
'FTB', 25, 5, 0, 1382
'FTB', 25, 5, 1, 1340
'FTB', 25, 5, 2, 1370
'FTB', 25, 5, 3, 1387
'FTB', 25, 5, 4, 1642
'FTB', 26, 1, 0, 825
'FTB', 26, 1, 1, 905
'FTB', 26, 1, 2, 984
'FTB', 26, 1, 3, 1173
'FTB', 26, 1, 4, 1267
'FTB', 26, 2, 0, 999
'FTB', 26, 2, 1, 998
'FTB', 26, 2, 2, 1087
'FTB', 26, 2, 3, 1226
'FTB', 26, 2, 4, 1352
'FTB', 26, 3, 0, 1109
'FTB', 26, 3, 1, 1089
'FTB', 26, 3, 2, 1254
'FTB', 26, 3, 3, 1306
'FTB', 26, 3, 4, 1412
'FTB', 26, 4, 0, 1289
'FTB', 26, 4, 1, 1301
'FTB', 26, 4, 2, 1352
'FTB', 26, 4, 3, 1377
'FTB', 26, 4, 4, 1497
'FTB', 26, 5, 0, 1413
'FTB', 26, 5, 1, 1392
'FTB', 26, 5, 2, 1474
'FTB', 26, 5, 3, 1521
'FTB', 26, 5, 4, 1575
'FTB', 27, 1, 0, 838
'FTB', 27, 1, 1, 959
'FTB', 27, 1, 2, 1031
'FTB', 27, 1, 3, 1204
'FTB', 27, 1, 4, 1278
'FTB', 27, 2, 0, 1034
'FTB', 27, 2, 1, 1040
'FTB', 27, 2, 2, 1142
'FTB', 27, 2, 3, 1226
'FTB', 27, 2, 4, 1496
'FTB', 27, 3, 0, 1186
'FTB', 27, 3, 1, 1142
'FTB', 27, 3, 2, 1219
'FTB', 27, 3, 3, 1361
'FTB', 27, 3, 4, 1411
'FTB', 27, 4, 0, 1354
'FTB', 27, 4, 1, 1338
'FTB', 27, 4, 2, 1357
'FTB', 27, 4, 3, 1403
'FTB', 27, 4, 4, 1476
'FTB', 27, 5, 0, 1522
'FTB', 27, 5, 1, 1521
'FTB', 27, 5, 2, 1492
'FTB', 27, 5, 3, 1647
'FTB', 27, 5, 4, 1676
'FTB', 28, 1, 0, 889
'FTB', 28, 1, 1, 980
'FTB', 28, 1, 2, 1104
'FTB', 28, 1, 3, 1294
'FTB', 28, 1, 4, 1407
'FTB', 28, 2, 0, 1049
'FTB', 28, 2, 1, 1106
'FTB', 28, 2, 2, 1229
'FTB', 28, 2, 3, 1350
'FTB', 28, 2, 4, 1512
'FTB', 28, 3, 0, 1223
'FTB', 28, 3, 1, 1231
'FTB', 28, 3, 2, 1296
'FTB', 28, 3, 3, 1458
'FTB', 28, 3, 4, 1482
'FTB', 28, 4, 0, 1369
'FTB', 28, 4, 1, 1371
'FTB', 28, 4, 2, 1452
'FTB', 28, 4, 3, 1562
'FTB', 28, 4, 4, 1595
'FTB', 28, 5, 0, 1611
'FTB', 28, 5, 1, 1563
'FTB', 28, 5, 2, 1567
'FTB', 28, 5, 3, 1648
'FTB', 28, 5, 4, 1649
'FTB', 29, 1, 0, 890
'FTB', 29, 1, 1, 1037
'FTB', 29, 1, 2, 1142
'FTB', 29, 1, 3, 1325
'FTB', 29, 1, 4, 1416
'FTB', 29, 2, 0, 1036
'FTB', 29, 2, 1, 1085
'FTB', 29, 2, 2, 1245
'FTB', 29, 2, 3, 1357
'FTB', 29, 2, 4, 1503
'FTB', 29, 3, 0, 1268
'FTB', 29, 3, 1, 1237
'FTB', 29, 3, 2, 1346
'FTB', 29, 3, 3, 1408
'FTB', 29, 3, 4, 1584
'FTB', 29, 4, 0, 1458
'FTB', 29, 4, 1, 1456
'FTB', 29, 4, 2, 1465
'FTB', 29, 4, 3, 1516
'FTB', 29, 4, 4, 1599
'FTB', 29, 5, 0, 1568
'FTB', 29, 5, 1, 1630
'FTB', 29, 5, 2, 1662
'FTB', 29, 5, 3, 1737
'FTB', 29, 5, 4, 1830
'FTB', 30, 1, 0, 975
'FTB', 30, 1, 1, 1056
'FTB', 30, 1, 2, 1236
'FTB', 30, 1, 3, 1354
'FTB', 30, 1, 4, 1393
'FTB', 30, 2, 0, 1095
'FTB', 30, 2, 1, 1179
'FTB', 30, 2, 2, 1243
'FTB', 30, 2, 3, 1371
'FTB', 30, 2, 4, 1586
'FTB', 30, 3, 0, 1311
'FTB', 30, 3, 1, 1328
'FTB', 30, 3, 2, 1426
'FTB', 30, 3, 3, 1524
'FTB', 30, 3, 4, 1681
'FTB', 30, 4, 0, 1513
'FTB', 30, 4, 1, 1457
'FTB', 30, 4, 2, 1489
'FTB', 30, 4, 3, 1524
'FTB', 30, 4, 4, 1744
'FTB', 30, 5, 0, 1641
'FTB', 30, 5, 1, 1637
'FTB', 30, 5, 2, 1623
'FTB', 30, 5, 3, 1731
'FTB', 30, 5, 4, 1936
'FTB', 31, 1, 0, 966
'FTB', 31, 1, 1, 1052
'FTB', 31, 1, 2, 1237
'FTB', 31, 1, 3, 1365
'FTB', 31, 1, 4, 1551
'FTB', 31, 2, 0, 1168
'FTB', 31, 2, 1, 1186
'FTB', 31, 2, 2, 1338
'FTB', 31, 2, 3, 1435
'FTB', 31, 2, 4, 1647
'FTB', 31, 3, 0, 1334
'FTB', 31, 3, 1, 1395
'FTB', 31, 3, 2, 1520
'FTB', 31, 3, 3, 1487
'FTB', 31, 3, 4, 1692
'FTB', 31, 4, 0, 1550
'FTB', 31, 4, 1, 1446
'FTB', 31, 4, 2, 1609
'FTB', 31, 4, 3, 1707
'FTB', 31, 4, 4, 1771
'FTB', 31, 5, 0, 1720
'FTB', 31, 5, 1, 1704
'FTB', 31, 5, 2, 1699
'FTB', 31, 5, 3, 1793
'FTB', 31, 5, 4, 1846
'FTB', 32, 1, 0, 1019
'FTB', 32, 1, 1, 1143
'FTB', 32, 1, 2, 1298
'FTB', 32, 1, 3, 1482
'FTB', 32, 1, 4, 1584
'FTB', 32, 2, 0, 1195
'FTB', 32, 2, 1, 1215
'FTB', 32, 2, 2, 1302
'FTB', 32, 2, 3, 1530
'FTB', 32, 2, 4, 1703
'FTB', 32, 3, 0, 1383
'FTB', 32, 3, 1, 1381
'FTB', 32, 3, 2, 1450
'FTB', 32, 3, 3, 1588
'FTB', 32, 3, 4, 1717
'FTB', 32, 4, 0, 1603
'FTB', 32, 4, 1, 1619
'FTB', 32, 4, 2, 1648
'FTB', 32, 4, 3, 1726
'FTB', 32, 4, 4, 1837
'FTB', 32, 5, 0, 1773
'FTB', 32, 5, 1, 1787
'FTB', 32, 5, 2, 1784
'FTB', 32, 5, 3, 1910
'FTB', 32, 5, 4, 1952
'FTB', 33, 1, 0, 1090
'FTB', 33, 1, 1, 1162
'FTB', 33, 1, 2, 1281
'FTB', 33, 1, 3, 1413
'FTB', 33, 1, 4, 1613
'FTB', 33, 2, 0, 1282
'FTB', 33, 2, 1, 1264
'FTB', 33, 2, 2, 1440
'FTB', 33, 2, 3, 1588
'FTB', 33, 2, 4, 1662
'FTB', 33, 3, 0, 1484
'FTB', 33, 3, 1, 1500
'FTB', 33, 3, 2, 1576
'FTB', 33, 3, 3, 1682
'FTB', 33, 3, 4, 1896
'FTB', 33, 4, 0, 1630
'FTB', 33, 4, 1, 1715
'FTB', 33, 4, 2, 1708
'FTB', 33, 4, 3, 1786
'FTB', 33, 4, 4, 1993
'FTB', 33, 5, 0, 1844
'FTB', 33, 5, 1, 1852
'FTB', 33, 5, 2, 1842
'FTB', 33, 5, 3, 1945
'FTB', 33, 5, 4, 2002
'FTB', 34, 1, 0, 1057
'FTB', 34, 1, 1, 1198
'FTB', 34, 1, 2, 1329
'FTB', 34, 1, 3, 1482
'FTB', 34, 1, 4, 1619
'FTB', 34, 2, 0, 1283
'FTB', 34, 2, 1, 1308
'FTB', 34, 2, 2, 1458
'FTB', 34, 2, 3, 1643
'FTB', 34, 2, 4, 1741
'FTB', 34, 3, 0, 1465
'FTB', 34, 3, 1, 1478
'FTB', 34, 3, 2, 1552
'FTB', 34, 3, 3, 1690
'FTB', 34, 3, 4, 1852
'FTB', 34, 4, 0, 1671
'FTB', 34, 4, 1, 1707
'FTB', 34, 4, 2, 1739
'FTB', 34, 4, 3, 1864
'FTB', 34, 4, 4, 1906
'FTB', 34, 5, 0, 1891
'FTB', 34, 5, 1, 1831
'FTB', 34, 5, 2, 1875
'FTB', 34, 5, 3, 1932
'FTB', 34, 5, 4, 2050
'FTB', 35, 1, 0, 1182
'FTB', 35, 1, 1, 1223
'FTB', 35, 1, 2, 1413
'FTB', 35, 1, 3, 1559
'FTB', 35, 1, 4, 1635
'FTB', 35, 2, 0, 1288
'FTB', 35, 2, 1, 1357
'FTB', 35, 2, 2, 1449
'FTB', 35, 2, 3, 1586
'FTB', 35, 2, 4, 1823
'FTB', 35, 3, 0, 1566
'FTB', 35, 3, 1, 1540
'FTB', 35, 3, 2, 1568
'FTB', 35, 3, 3, 1714
'FTB', 35, 3, 4, 1878
'FTB', 35, 4, 0, 1688
'FTB', 35, 4, 1, 1777
'FTB', 35, 4, 2, 1747
'FTB', 35, 4, 3, 1891
'FTB', 35, 4, 4, 2064
'FTB', 35, 5, 0, 1948
'FTB', 35, 5, 1, 1974
'FTB', 35, 5, 2, 1933
'FTB', 35, 5, 3, 2044
'FTB', 35, 5, 4, 2157
'FTB', 36, 1, 0, 1181
'FTB', 36, 1, 1, 1226
'FTB', 36, 1, 2, 1387
'FTB', 36, 1, 3, 1555
'FTB', 36, 1, 4, 1784
'FTB', 36, 2, 0, 1341
'FTB', 36, 2, 1, 1491
'FTB', 36, 2, 2, 1550
'FTB', 36, 2, 3, 1764
'FTB', 36, 2, 4, 1898
'FTB', 36, 3, 0, 1597
'FTB', 36, 3, 1, 1602
'FTB', 36, 3, 2, 1639
'FTB', 36, 3, 3, 1732
'FTB', 36, 3, 4, 1910
'FTB', 36, 4, 0, 1765
'FTB', 36, 4, 1, 1788
'FTB', 36, 4, 2, 1724
'FTB', 36, 4, 3, 1987
'FTB', 36, 4, 4, 2034
'FTB', 36, 5, 0, 2049
'FTB', 36, 5, 1, 1958
'FTB', 36, 5, 2, 2026
'FTB', 36, 5, 3, 2040
'FTB', 36, 5, 4, 2307
'WMA', 5, 1, 0, 114
'WMA', 5, 1, 1, 130
'WMA', 5, 1, 2, 149
'WMA', 5, 1, 3, 158
'WMA', 5, 1, 4, 159
'WMA', 5, 2, 0, 135
'WMA', 5, 2, 1, 130
'WMA', 5, 2, 2, 163
'WMA', 5, 2, 3, 173
'WMA', 5, 2, 4, 166
'WMA', 5, 3, 0, 145
'WMA', 5, 3, 1, 156
'WMA', 5, 3, 2, 148
'WMA', 5, 3, 3, 177
'WMA', 5, 3, 4, 205
'WMA', 5, 4, 0, 137
'WMA', 5, 4, 1, 184
'WMA', 5, 4, 2, 154
'WMA', 5, 4, 3, 198
'WMA', 5, 4, 4, 178
'WMA', 5, 5, 0, 206
'WMA', 5, 5, 1, 199
'WMA', 5, 5, 2, 227
'WMA', 5, 5, 3, 182
'WMA', 5, 5, 4, 228
'WMA', 6, 1, 0, 162
'WMA', 6, 1, 1, 159
'WMA', 6, 1, 2, 174
'WMA', 6, 1, 3, 158
'WMA', 6, 1, 4, 205
'WMA', 6, 2, 0, 154
'WMA', 6, 2, 1, 186
'WMA', 6, 2, 2, 171
'WMA', 6, 2, 3, 195
'WMA', 6, 2, 4, 206
'WMA', 6, 3, 0, 170
'WMA', 6, 3, 1, 198
'WMA', 6, 3, 2, 222
'WMA', 6, 3, 3, 190
'WMA', 6, 3, 4, 239
'WMA', 6, 4, 0, 199
'WMA', 6, 4, 1, 236
'WMA', 6, 4, 2, 217
'WMA', 6, 4, 3, 238
'WMA', 6, 4, 4, 255
'WMA', 6, 5, 0, 235
'WMA', 6, 5, 1, 228
'WMA', 6, 5, 2, 238
'WMA', 6, 5, 3, 261
'WMA', 6, 5, 4, 287
'WMA', 7, 1, 0, 119
'WMA', 7, 1, 1, 155
'WMA', 7, 1, 2, 177
'WMA', 7, 1, 3, 183
'WMA', 7, 1, 4, 194
'WMA', 7, 2, 0, 160
'WMA', 7, 2, 1, 189
'WMA', 7, 2, 2, 182
'WMA', 7, 2, 3, 224
'WMA', 7, 2, 4, 211
'WMA', 7, 3, 0, 195
'WMA', 7, 3, 1, 168
'WMA', 7, 3, 2, 214
'WMA', 7, 3, 3, 210
'WMA', 7, 3, 4, 239
'WMA', 7, 4, 0, 234
'WMA', 7, 4, 1, 223
'WMA', 7, 4, 2, 218
'WMA', 7, 4, 3, 251
'WMA', 7, 4, 4, 265
'WMA', 7, 5, 0, 251
'WMA', 7, 5, 1, 268
'WMA', 7, 5, 2, 263
'WMA', 7, 5, 3, 247
'WMA', 7, 5, 4, 260
'WMA', 8, 1, 0, 153
'WMA', 8, 1, 1, 166
'WMA', 8, 1, 2, 189
'WMA', 8, 1, 3, 234
'WMA', 8, 1, 4, 208
'WMA', 8, 2, 0, 186
'WMA', 8, 2, 1, 186
'WMA', 8, 2, 2, 199
'WMA', 8, 2, 3, 228
'WMA', 8, 2, 4, 242
'WMA', 8, 3, 0, 213
'WMA', 8, 3, 1, 221
'WMA', 8, 3, 2, 221
'WMA', 8, 3, 3, 264
'WMA', 8, 3, 4, 237
'WMA', 8, 4, 0, 230
'WMA', 8, 4, 1, 238
'WMA', 8, 4, 2, 266
'WMA', 8, 4, 3, 277
'WMA', 8, 4, 4, 260
'WMA', 8, 5, 0, 247
'WMA', 8, 5, 1, 271
'WMA', 8, 5, 2, 258
'WMA', 8, 5, 3, 297
'WMA', 8, 5, 4, 258
'WMA', 9, 1, 0, 193
'WMA', 9, 1, 1, 169
'WMA', 9, 1, 2, 230
'WMA', 9, 1, 3, 243
'WMA', 9, 1, 4, 266
'WMA', 9, 2, 0, 225
'WMA', 9, 2, 1, 196
'WMA', 9, 2, 2, 239
'WMA', 9, 2, 3, 301
'WMA', 9, 2, 4, 286
'WMA', 9, 3, 0, 242
'WMA', 9, 3, 1, 236
'WMA', 9, 3, 2, 276
'WMA', 9, 3, 3, 268
'WMA', 9, 3, 4, 295
'WMA', 9, 4, 0, 242
'WMA', 9, 4, 1, 267
'WMA', 9, 4, 2, 339
'WMA', 9, 4, 3, 325
'WMA', 9, 4, 4, 340
'WMA', 9, 5, 0, 323
'WMA', 9, 5, 1, 315
'WMA', 9, 5, 2, 352
'WMA', 9, 5, 3, 320
'WMA', 9, 5, 4, 344
'WMA', 10, 1, 0, 184
'WMA', 10, 1, 1, 204
'WMA', 10, 1, 2, 219
'WMA', 10, 1, 3, 270
'WMA', 10, 1, 4, 275
'WMA', 10, 2, 0, 234
'WMA', 10, 2, 1, 237
'WMA', 10, 2, 2, 256
'WMA', 10, 2, 3, 320
'WMA', 10, 2, 4, 293
'WMA', 10, 3, 0, 244
'WMA', 10, 3, 1, 254
'WMA', 10, 3, 2, 269
'WMA', 10, 3, 3, 275
'WMA', 10, 3, 4, 337
'WMA', 10, 4, 0, 286
'WMA', 10, 4, 1, 281
'WMA', 10, 4, 2, 329
'WMA', 10, 4, 3, 320
'WMA', 10, 4, 4, 382
'WMA', 10, 5, 0, 323
'WMA', 10, 5, 1, 314
'WMA', 10, 5, 2, 299
'WMA', 10, 5, 3, 337
'WMA', 10, 5, 4, 365
'WMA', 11, 1, 0, 184
'WMA', 11, 1, 1, 218
'WMA', 11, 1, 2, 242
'WMA', 11, 1, 3, 249
'WMA', 11, 1, 4, 297
'WMA', 11, 2, 0, 248
'WMA', 11, 2, 1, 240
'WMA', 11, 2, 2, 279
'WMA', 11, 2, 3, 243
'WMA', 11, 2, 4, 343
'WMA', 11, 3, 0, 307
'WMA', 11, 3, 1, 246
'WMA', 11, 3, 2, 319
'WMA', 11, 3, 3, 302
'WMA', 11, 3, 4, 337
'WMA', 11, 4, 0, 303
'WMA', 11, 4, 1, 320
'WMA', 11, 4, 2, 332
'WMA', 11, 4, 3, 356
'WMA', 11, 4, 4, 361
'WMA', 11, 5, 0, 333
'WMA', 11, 5, 1, 316
'WMA', 11, 5, 2, 346
'WMA', 11, 5, 3, 376
'WMA', 11, 5, 4, 433
'WMA', 12, 1, 0, 236
'WMA', 12, 1, 1, 264
'WMA', 12, 1, 2, 307
'WMA', 12, 1, 3, 335
'WMA', 12, 1, 4, 319
'WMA', 12, 2, 0, 264
'WMA', 12, 2, 1, 273
'WMA', 12, 2, 2, 289
'WMA', 12, 2, 3, 302
'WMA', 12, 2, 4, 332
'WMA', 12, 3, 0, 311
'WMA', 12, 3, 1, 282
'WMA', 12, 3, 2, 338
'WMA', 12, 3, 3, 358
'WMA', 12, 3, 4, 348
'WMA', 12, 4, 0, 331
'WMA', 12, 4, 1, 333
'WMA', 12, 4, 2, 345
'WMA', 12, 4, 3, 355
'WMA', 12, 4, 4, 365
'WMA', 12, 5, 0, 394
'WMA', 12, 5, 1, 370
'WMA', 12, 5, 2, 380
'WMA', 12, 5, 3, 413
'WMA', 12, 5, 4, 410
'WMA', 13, 1, 0, 227
'WMA', 13, 1, 1, 266
'WMA', 13, 1, 2, 262
'WMA', 13, 1, 3, 335
'WMA', 13, 1, 4, 339
'WMA', 13, 2, 0, 279
'WMA', 13, 2, 1, 267
'WMA', 13, 2, 2, 312
'WMA', 13, 2, 3, 340
'WMA', 13, 2, 4, 355
'WMA', 13, 3, 0, 320
'WMA', 13, 3, 1, 303
'WMA', 13, 3, 2, 357
'WMA', 13, 3, 3, 374
'WMA', 13, 3, 4, 406
'WMA', 13, 4, 0, 343
'WMA', 13, 4, 1, 347
'WMA', 13, 4, 2, 351
'WMA', 13, 4, 3, 382
'WMA', 13, 4, 4, 387
'WMA', 13, 5, 0, 397
'WMA', 13, 5, 1, 360
'WMA', 13, 5, 2, 420
'WMA', 13, 5, 3, 401
'WMA', 13, 5, 4, 451
'WMA', 14, 1, 0, 268
'WMA', 14, 1, 1, 266
'WMA', 14, 1, 2, 297
'WMA', 14, 1, 3, 338
'WMA', 14, 1, 4, 430
'WMA', 14, 2, 0, 263
'WMA', 14, 2, 1, 305
'WMA', 14, 2, 2, 314
'WMA', 14, 2, 3, 353
'WMA', 14, 2, 4, 400
'WMA', 14, 3, 0, 311
'WMA', 14, 3, 1, 305
'WMA', 14, 3, 2, 342
'WMA', 14, 3, 3, 384
'WMA', 14, 3, 4, 440
'WMA', 14, 4, 0, 339
'WMA', 14, 4, 1, 359
'WMA', 14, 4, 2, 346
'WMA', 14, 4, 3, 410
'WMA', 14, 4, 4, 419
'WMA', 14, 5, 0, 465
'WMA', 14, 5, 1, 402
'WMA', 14, 5, 2, 411
'WMA', 14, 5, 3, 449
'WMA', 14, 5, 4, 462
'WMA', 15, 1, 0, 274
'WMA', 15, 1, 1, 280
'WMA', 15, 1, 2, 376
'WMA', 15, 1, 3, 360
'WMA', 15, 1, 4, 350
'WMA', 15, 2, 0, 299
'WMA', 15, 2, 1, 307
'WMA', 15, 2, 2, 341
'WMA', 15, 2, 3, 405
'WMA', 15, 2, 4, 403
'WMA', 15, 3, 0, 343
'WMA', 15, 3, 1, 363
'WMA', 15, 3, 2, 376
'WMA', 15, 3, 3, 446
'WMA', 15, 3, 4, 449
'WMA', 15, 4, 0, 398
'WMA', 15, 4, 1, 389
'WMA', 15, 4, 2, 404
'WMA', 15, 4, 3, 433
'WMA', 15, 4, 4, 453
'WMA', 15, 5, 0, 415
'WMA', 15, 5, 1, 435
'WMA', 15, 5, 2, 445
'WMA', 15, 5, 3, 421
'WMA', 15, 5, 4, 477
'WMA', 16, 1, 0, 277
'WMA', 16, 1, 1, 307
'WMA', 16, 1, 2, 317
'WMA', 16, 1, 3, 376
'WMA', 16, 1, 4, 385
'WMA', 16, 2, 0, 336
'WMA', 16, 2, 1, 331
'WMA', 16, 2, 2, 330
'WMA', 16, 2, 3, 384
'WMA', 16, 2, 4, 432
'WMA', 16, 3, 0, 359
'WMA', 16, 3, 1, 358
'WMA', 16, 3, 2, 391
'WMA', 16, 3, 3, 445
'WMA', 16, 3, 4, 469
'WMA', 16, 4, 0, 414
'WMA', 16, 4, 1, 423
'WMA', 16, 4, 2, 449
'WMA', 16, 4, 3, 438
'WMA', 16, 4, 4, 494
'WMA', 16, 5, 0, 444
'WMA', 16, 5, 1, 469
'WMA', 16, 5, 2, 411
'WMA', 16, 5, 3, 465
'WMA', 16, 5, 4, 543
'WMA', 17, 1, 0, 302
'WMA', 17, 1, 1, 317
'WMA', 17, 1, 2, 329
'WMA', 17, 1, 3, 425
'WMA', 17, 1, 4, 484
'WMA', 17, 2, 0, 332
'WMA', 17, 2, 1, 338
'WMA', 17, 2, 2, 355
'WMA', 17, 2, 3, 438
'WMA', 17, 2, 4, 419
'WMA', 17, 3, 0, 389
'WMA', 17, 3, 1, 391
'WMA', 17, 3, 2, 403
'WMA', 17, 3, 3, 449
'WMA', 17, 3, 4, 440
'WMA', 17, 4, 0, 441
'WMA', 17, 4, 1, 398
'WMA', 17, 4, 2, 447
'WMA', 17, 4, 3, 465
'WMA', 17, 4, 4, 500
'WMA', 17, 5, 0, 477
'WMA', 17, 5, 1, 462
'WMA', 17, 5, 2, 479
'WMA', 17, 5, 3, 441
'WMA', 17, 5, 4, 568
'WMA', 18, 1, 0, 304
'WMA', 18, 1, 1, 356
'WMA', 18, 1, 2, 362
'WMA', 18, 1, 3, 468
'WMA', 18, 1, 4, 446
'WMA', 18, 2, 0, 361
'WMA', 18, 2, 1, 409
'WMA', 18, 2, 2, 375
'WMA', 18, 2, 3, 389
'WMA', 18, 2, 4, 436
'WMA', 18, 3, 0, 400
'WMA', 18, 3, 1, 397
'WMA', 18, 3, 2, 400
'WMA', 18, 3, 3, 438
'WMA', 18, 3, 4, 546
'WMA', 18, 4, 0, 421
'WMA', 18, 4, 1, 462
'WMA', 18, 4, 2, 442
'WMA', 18, 4, 3, 497
'WMA', 18, 4, 4, 514
'WMA', 18, 5, 0, 452
'WMA', 18, 5, 1, 523
'WMA', 18, 5, 2, 501
'WMA', 18, 5, 3, 517
'WMA', 18, 5, 4, 516
'WMA', 19, 1, 0, 335
'WMA', 19, 1, 1, 338
'WMA', 19, 1, 2, 395
'WMA', 19, 1, 3, 415
'WMA', 19, 1, 4, 475
'WMA', 19, 2, 0, 373
'WMA', 19, 2, 1, 383
'WMA', 19, 2, 2, 426
'WMA', 19, 2, 3, 445
'WMA', 19, 2, 4, 481
'WMA', 19, 3, 0, 418
'WMA', 19, 3, 1, 387
'WMA', 19, 3, 2, 445
'WMA', 19, 3, 3, 469
'WMA', 19, 3, 4, 517
'WMA', 19, 4, 0, 464
'WMA', 19, 4, 1, 461
'WMA', 19, 4, 2, 490
'WMA', 19, 4, 3, 522
'WMA', 19, 4, 4, 596
'WMA', 19, 5, 0, 514
'WMA', 19, 5, 1, 525
'WMA', 19, 5, 2, 492
'WMA', 19, 5, 3, 542
'WMA', 19, 5, 4, 565
'WMA', 20, 1, 0, 332
'WMA', 20, 1, 1, 351
'WMA', 20, 1, 2, 393
'WMA', 20, 1, 3, 456
'WMA', 20, 1, 4, 489
'WMA', 20, 2, 0, 379
'WMA', 20, 2, 1, 383
'WMA', 20, 2, 2, 428
'WMA', 20, 2, 3, 439
'WMA', 20, 2, 4, 513
'WMA', 20, 3, 0, 429
'WMA', 20, 3, 1, 411
'WMA', 20, 3, 2, 448
'WMA', 20, 3, 3, 517
'WMA', 20, 3, 4, 519
'WMA', 20, 4, 0, 504
'WMA', 20, 4, 1, 479
'WMA', 20, 4, 2, 494
'WMA', 20, 4, 3, 493
'WMA', 20, 4, 4, 541
'WMA', 20, 5, 0, 503
'WMA', 20, 5, 1, 537
'WMA', 20, 5, 2, 571
'WMA', 20, 5, 3, 523
'WMA', 20, 5, 4, 523
'WMA', 21, 1, 0, 353
'WMA', 21, 1, 1, 383
'WMA', 21, 1, 2, 431
'WMA', 21, 1, 3, 441
'WMA', 21, 1, 4, 503
'WMA', 21, 2, 0, 389
'WMA', 21, 2, 1, 452
'WMA', 21, 2, 2, 419
'WMA', 21, 2, 3, 445
'WMA', 21, 2, 4, 534
'WMA', 21, 3, 0, 479
'WMA', 21, 3, 1, 437
'WMA', 21, 3, 2, 494
'WMA', 21, 3, 3, 592
'WMA', 21, 3, 4, 575
'WMA', 21, 4, 0, 514
'WMA', 21, 4, 1, 472
'WMA', 21, 4, 2, 530
'WMA', 21, 4, 3, 543
'WMA', 21, 4, 4, 608
'WMA', 21, 5, 0, 553
'WMA', 21, 5, 1, 551
'WMA', 21, 5, 2, 550
'WMA', 21, 5, 3, 625
'WMA', 21, 5, 4, 680
'WMA', 22, 1, 0, 347
'WMA', 22, 1, 1, 378
'WMA', 22, 1, 2, 424
'WMA', 22, 1, 3, 469
'WMA', 22, 1, 4, 500
'WMA', 22, 2, 0, 402
'WMA', 22, 2, 1, 469
'WMA', 22, 2, 2, 450
'WMA', 22, 2, 3, 504
'WMA', 22, 2, 4, 539
'WMA', 22, 3, 0, 407
'WMA', 22, 3, 1, 497
'WMA', 22, 3, 2, 466
'WMA', 22, 3, 3, 528
'WMA', 22, 3, 4, 568
'WMA', 22, 4, 0, 522
'WMA', 22, 4, 1, 522
'WMA', 22, 4, 2, 508
'WMA', 22, 4, 3, 585
'WMA', 22, 4, 4, 633
'WMA', 22, 5, 0, 583
'WMA', 22, 5, 1, 554
'WMA', 22, 5, 2, 548
'WMA', 22, 5, 3, 581
'WMA', 22, 5, 4, 623
'WMA', 23, 1, 0, 366
'WMA', 23, 1, 1, 386
'WMA', 23, 1, 2, 462
'WMA', 23, 1, 3, 487
'WMA', 23, 1, 4, 536
'WMA', 23, 2, 0, 448
'WMA', 23, 2, 1, 449
'WMA', 23, 2, 2, 454
'WMA', 23, 2, 3, 505
'WMA', 23, 2, 4, 542
'WMA', 23, 3, 0, 438
'WMA', 23, 3, 1, 460
'WMA', 23, 3, 2, 510
'WMA', 23, 3, 3, 579
'WMA', 23, 3, 4, 582
'WMA', 23, 4, 0, 519
'WMA', 23, 4, 1, 515
'WMA', 23, 4, 2, 526
'WMA', 23, 4, 3, 601
'WMA', 23, 4, 4, 626
'WMA', 23, 5, 0, 535
'WMA', 23, 5, 1, 580
'WMA', 23, 5, 2, 602
'WMA', 23, 5, 3, 640
'WMA', 23, 5, 4, 714
'WMA', 24, 1, 0, 366
'WMA', 24, 1, 1, 418
'WMA', 24, 1, 2, 458
'WMA', 24, 1, 3, 519
'WMA', 24, 1, 4, 547
'WMA', 24, 2, 0, 447
'WMA', 24, 2, 1, 469
'WMA', 24, 2, 2, 505
'WMA', 24, 2, 3, 507
'WMA', 24, 2, 4, 536
'WMA', 24, 3, 0, 495
'WMA', 24, 3, 1, 456
'WMA', 24, 3, 2, 473
'WMA', 24, 3, 3, 592
'WMA', 24, 3, 4, 643
'WMA', 24, 4, 0, 572
'WMA', 24, 4, 1, 560
'WMA', 24, 4, 2, 563
'WMA', 24, 4, 3, 613
'WMA', 24, 4, 4, 709
'WMA', 24, 5, 0, 617
'WMA', 24, 5, 1, 630
'WMA', 24, 5, 2, 624
'WMA', 24, 5, 3, 661
'WMA', 24, 5, 4, 723
'WMA', 25, 1, 0, 401
'WMA', 25, 1, 1, 444
'WMA', 25, 1, 2, 474
'WMA', 25, 1, 3, 531
'WMA', 25, 1, 4, 532
'WMA', 25, 2, 0, 449
'WMA', 25, 2, 1, 520
'WMA', 25, 2, 2, 477
'WMA', 25, 2, 3, 573
'WMA', 25, 2, 4, 634
'WMA', 25, 3, 0, 512
'WMA', 25, 3, 1, 517
'WMA', 25, 3, 2, 473
'WMA', 25, 3, 3, 588
'WMA', 25, 3, 4, 608
'WMA', 25, 4, 0, 548
'WMA', 25, 4, 1, 595
'WMA', 25, 4, 2, 581
'WMA', 25, 4, 3, 602
'WMA', 25, 4, 4, 678
'WMA', 25, 5, 0, 622
'WMA', 25, 5, 1, 571
'WMA', 25, 5, 2, 609
'WMA', 25, 5, 3, 724
'WMA', 25, 5, 4, 702
'WMA', 26, 1, 0, 400
'WMA', 26, 1, 1, 430
'WMA', 26, 1, 2, 495
'WMA', 26, 1, 3, 517
'WMA', 26, 1, 4, 546
'WMA', 26, 2, 0, 426
'WMA', 26, 2, 1, 461
'WMA', 26, 2, 2, 537
'WMA', 26, 2, 3, 538
'WMA', 26, 2, 4, 619
'WMA', 26, 3, 0, 534
'WMA', 26, 3, 1, 494
'WMA', 26, 3, 2, 540
'WMA', 26, 3, 3, 591
'WMA', 26, 3, 4, 657
'WMA', 26, 4, 0, 592
'WMA', 26, 4, 1, 613
'WMA', 26, 4, 2, 637
'WMA', 26, 4, 3, 691
'WMA', 26, 4, 4, 711
'WMA', 26, 5, 0, 621
'WMA', 26, 5, 1, 588
'WMA', 26, 5, 2, 643
'WMA', 26, 5, 3, 634
'WMA', 26, 5, 4, 747
'WMA', 27, 1, 0, 425
'WMA', 27, 1, 1, 422
'WMA', 27, 1, 2, 481
'WMA', 27, 1, 3, 548
'WMA', 27, 1, 4, 628
'WMA', 27, 2, 0, 481
'WMA', 27, 2, 1, 479
'WMA', 27, 2, 2, 523
'WMA', 27, 2, 3, 573
'WMA', 27, 2, 4, 601
'WMA', 27, 3, 0, 539
'WMA', 27, 3, 1, 494
'WMA', 27, 3, 2, 551
'WMA', 27, 3, 3, 583
'WMA', 27, 3, 4, 729
'WMA', 27, 4, 0, 597
'WMA', 27, 4, 1, 610
'WMA', 27, 4, 2, 688
'WMA', 27, 4, 3, 668
'WMA', 27, 4, 4, 744
'WMA', 27, 5, 0, 695
'WMA', 27, 5, 1, 680
'WMA', 27, 5, 2, 639
'WMA', 27, 5, 3, 744
'WMA', 27, 5, 4, 727
'WMA', 28, 1, 0, 434
'WMA', 28, 1, 1, 448
'WMA', 28, 1, 2, 484
'WMA', 28, 1, 3, 550
'WMA', 28, 1, 4, 690
'WMA', 28, 2, 0, 518
'WMA', 28, 2, 1, 533
'WMA', 28, 2, 2, 560
'WMA', 28, 2, 3, 568
'WMA', 28, 2, 4, 643
'WMA', 28, 3, 0, 531
'WMA', 28, 3, 1, 551
'WMA', 28, 3, 2, 574
'WMA', 28, 3, 3, 594
'WMA', 28, 3, 4, 642
'WMA', 28, 4, 0, 626
'WMA', 28, 4, 1, 643
'WMA', 28, 4, 2, 584
'WMA', 28, 4, 3, 694
'WMA', 28, 4, 4, 730
'WMA', 28, 5, 0, 677
'WMA', 28, 5, 1, 691
'WMA', 28, 5, 2, 715
'WMA', 28, 5, 3, 752
'WMA', 28, 5, 4, 807
'WMA', 29, 1, 0, 460
'WMA', 29, 1, 1, 516
'WMA', 29, 1, 2, 530
'WMA', 29, 1, 3, 553
'WMA', 29, 1, 4, 622
'WMA', 29, 2, 0, 509
'WMA', 29, 2, 1, 512
'WMA', 29, 2, 2, 542
'WMA', 29, 2, 3, 593
'WMA', 29, 2, 4, 640
'WMA', 29, 3, 0, 535
'WMA', 29, 3, 1, 573
'WMA', 29, 3, 2, 581
'WMA', 29, 3, 3, 667
'WMA', 29, 3, 4, 683
'WMA', 29, 4, 0, 637
'WMA', 29, 4, 1, 594
'WMA', 29, 4, 2, 654
'WMA', 29, 4, 3, 678
'WMA', 29, 4, 4, 698
'WMA', 29, 5, 0, 691
'WMA', 29, 5, 1, 720
'WMA', 29, 5, 2, 698
'WMA', 29, 5, 3, 737
'WMA', 29, 5, 4, 760
'WMA', 30, 1, 0, 481
'WMA', 30, 1, 1, 504
'WMA', 30, 1, 2, 513
'WMA', 30, 1, 3, 605
'WMA', 30, 1, 4, 672
'WMA', 30, 2, 0, 523
'WMA', 30, 2, 1, 525
'WMA', 30, 2, 2, 555
'WMA', 30, 2, 3, 578
'WMA', 30, 2, 4, 696
'WMA', 30, 3, 0, 603
'WMA', 30, 3, 1, 591
'WMA', 30, 3, 2, 619
'WMA', 30, 3, 3, 664
'WMA', 30, 3, 4, 677
'WMA', 30, 4, 0, 608
'WMA', 30, 4, 1, 670
'WMA', 30, 4, 2, 687
'WMA', 30, 4, 3, 724
'WMA', 30, 4, 4, 772
'WMA', 30, 5, 0, 721
'WMA', 30, 5, 1, 728
'WMA', 30, 5, 2, 744
'WMA', 30, 5, 3, 779
'WMA', 30, 5, 4, 795
'WMA', 31, 1, 0, 456
'WMA', 31, 1, 1, 535
'WMA', 31, 1, 2, 545
'WMA', 31, 1, 3, 656
'WMA', 31, 1, 4, 725
'WMA', 31, 2, 0, 533
'WMA', 31, 2, 1, 578
'WMA', 31, 2, 2, 592
'WMA', 31, 2, 3, 669
'WMA', 31, 2, 4, 712
'WMA', 31, 3, 0, 615
'WMA', 31, 3, 1, 597
'WMA', 31, 3, 2, 610
'WMA', 31, 3, 3, 646
'WMA', 31, 3, 4, 682
'WMA', 31, 4, 0, 696
'WMA', 31, 4, 1, 676
'WMA', 31, 4, 2, 650
'WMA', 31, 4, 3, 745
'WMA', 31, 4, 4, 816
'WMA', 31, 5, 0, 746
'WMA', 31, 5, 1, 698
'WMA', 31, 5, 2, 742
'WMA', 31, 5, 3, 771
'WMA', 31, 5, 4, 839
'WMA', 32, 1, 0, 447
'WMA', 32, 1, 1, 515
'WMA', 32, 1, 2, 549
'WMA', 32, 1, 3, 599
'WMA', 32, 1, 4, 612
'WMA', 32, 2, 0, 510
'WMA', 32, 2, 1, 527
'WMA', 32, 2, 2, 597
'WMA', 32, 2, 3, 615
'WMA', 32, 2, 4, 756
'WMA', 32, 3, 0, 628
'WMA', 32, 3, 1, 610
'WMA', 32, 3, 2, 643
'WMA', 32, 3, 3, 752
'WMA', 32, 3, 4, 740
'WMA', 32, 4, 0, 636
'WMA', 32, 4, 1, 680
'WMA', 32, 4, 2, 704
'WMA', 32, 4, 3, 728
'WMA', 32, 4, 4, 771
'WMA', 32, 5, 0, 747
'WMA', 32, 5, 1, 736
'WMA', 32, 5, 2, 731
'WMA', 32, 5, 3, 775
'WMA', 32, 5, 4, 903
'WMA', 33, 1, 0, 471
'WMA', 33, 1, 1, 519
'WMA', 33, 1, 2, 587
'WMA', 33, 1, 3, 652
'WMA', 33, 1, 4, 664
'WMA', 33, 2, 0, 563
'WMA', 33, 2, 1, 557
'WMA', 33, 2, 2, 648
'WMA', 33, 2, 3, 695
'WMA', 33, 2, 4, 783
'WMA', 33, 3, 0, 644
'WMA', 33, 3, 1, 617
'WMA', 33, 3, 2, 671
'WMA', 33, 3, 3, 730
'WMA', 33, 3, 4, 859
'WMA', 33, 4, 0, 767
'WMA', 33, 4, 1, 706
'WMA', 33, 4, 2, 673
'WMA', 33, 4, 3, 732
'WMA', 33, 4, 4, 770
'WMA', 33, 5, 0, 743
'WMA', 33, 5, 1, 747
'WMA', 33, 5, 2, 768
'WMA', 33, 5, 3, 825
'WMA', 33, 5, 4, 806
'WMA', 34, 1, 0, 503
'WMA', 34, 1, 1, 504
'WMA', 34, 1, 2, 568
'WMA', 34, 1, 3, 672
'WMA', 34, 1, 4, 696
'WMA', 34, 2, 0, 582
'WMA', 34, 2, 1, 580
'WMA', 34, 2, 2, 597
'WMA', 34, 2, 3, 643
'WMA', 34, 2, 4, 816
'WMA', 34, 3, 0, 635
'WMA', 34, 3, 1, 617
'WMA', 34, 3, 2, 647
'WMA', 34, 3, 3, 709
'WMA', 34, 3, 4, 782
'WMA', 34, 4, 0, 727
'WMA', 34, 4, 1, 694
'WMA', 34, 4, 2, 714
'WMA', 34, 4, 3, 754
'WMA', 34, 4, 4, 823
'WMA', 34, 5, 0, 808
'WMA', 34, 5, 1, 803
'WMA', 34, 5, 2, 812
'WMA', 34, 5, 3, 876
'WMA', 34, 5, 4, 912
'WMA', 35, 1, 0, 463
'WMA', 35, 1, 1, 539
'WMA', 35, 1, 2, 606
'WMA', 35, 1, 3, 630
'WMA', 35, 1, 4, 719
'WMA', 35, 2, 0, 565
'WMA', 35, 2, 1, 586
'WMA', 35, 2, 2, 641
'WMA', 35, 2, 3, 719
'WMA', 35, 2, 4, 816
'WMA', 35, 3, 0, 615
'WMA', 35, 3, 1, 691
'WMA', 35, 3, 2, 646
'WMA', 35, 3, 3, 751
'WMA', 35, 3, 4, 814
'WMA', 35, 4, 0, 719
'WMA', 35, 4, 1, 718
'WMA', 35, 4, 2, 738
'WMA', 35, 4, 3, 764
'WMA', 35, 4, 4, 811
'WMA', 35, 5, 0, 799
'WMA', 35, 5, 1, 757
'WMA', 35, 5, 2, 817
'WMA', 35, 5, 3, 823
'WMA', 35, 5, 4, 890
'WMA', 36, 1, 0, 555
'WMA', 36, 1, 1, 597
'WMA', 36, 1, 2, 614
'WMA', 36, 1, 3, 671
'WMA', 36, 1, 4, 713
'WMA', 36, 2, 0, 566
'WMA', 36, 2, 1, 603
'WMA', 36, 2, 2, 711
'WMA', 36, 2, 3, 673
'WMA', 36, 2, 4, 790
'WMA', 36, 3, 0, 679
'WMA', 36, 3, 1, 612
'WMA', 36, 3, 2, 672
'WMA', 36, 3, 3, 719
'WMA', 36, 3, 4, 826
'WMA', 36, 4, 0, 800
'WMA', 36, 4, 1, 772
'WMA', 36, 4, 2, 692
'WMA', 36, 4, 3, 830
'WMA', 36, 4, 4, 819
'WMA', 36, 5, 0, 795
'WMA', 36, 5, 1, 851
'WMA', 36, 5, 2, 857
'WMA', 36, 5, 3, 845
'WMA', 36, 5, 4, 860
'block', 5, 1, 0, 110
'block', 5, 1, 1, 115
'block', 5, 1, 2, 148
'block', 5, 1, 3, 153
'block', 5, 1, 4, 164
'block', 5, 2, 0, 132
'block', 5, 2, 1, 132
'block', 5, 2, 2, 160
'block', 5, 2, 3, 165
'block', 5, 2, 4, 196
'block', 5, 3, 0, 158
'block', 5, 3, 1, 164
'block', 5, 3, 2, 161
'block', 5, 3, 3, 191
'block', 5, 3, 4, 201
'block', 5, 4, 0, 174
'block', 5, 4, 1, 172
'block', 5, 4, 2, 168
'block', 5, 4, 3, 190
'block', 5, 4, 4, 219
'block', 5, 5, 0, 202
'block', 5, 5, 1, 220
'block', 5, 5, 2, 206
'block', 5, 5, 3, 197
'block', 5, 5, 4, 225
'block', 6, 1, 0, 151
'block', 6, 1, 1, 170
'block', 6, 1, 2, 212
'block', 6, 1, 3, 216
'block', 6, 1, 4, 230
'block', 6, 2, 0, 193
'block', 6, 2, 1, 217
'block', 6, 2, 2, 219
'block', 6, 2, 3, 234
'block', 6, 2, 4, 242
'block', 6, 3, 0, 236
'block', 6, 3, 1, 224
'block', 6, 3, 2, 244
'block', 6, 3, 3, 263
'block', 6, 3, 4, 293
'block', 6, 4, 0, 248
'block', 6, 4, 1, 240
'block', 6, 4, 2, 236
'block', 6, 4, 3, 265
'block', 6, 4, 4, 273
'block', 6, 5, 0, 283
'block', 6, 5, 1, 284
'block', 6, 5, 2, 327
'block', 6, 5, 3, 305
'block', 6, 5, 4, 276
'block', 7, 1, 0, 152
'block', 7, 1, 1, 166
'block', 7, 1, 2, 203
'block', 7, 1, 3, 233
'block', 7, 1, 4, 247
'block', 7, 2, 0, 179
'block', 7, 2, 1, 165
'block', 7, 2, 2, 222
'block', 7, 2, 3, 241
'block', 7, 2, 4, 234
'block', 7, 3, 0, 212
'block', 7, 3, 1, 214
'block', 7, 3, 2, 204
'block', 7, 3, 3, 264
'block', 7, 3, 4, 279
'block', 7, 4, 0, 226
'block', 7, 4, 1, 240
'block', 7, 4, 2, 213
'block', 7, 4, 3, 255
'block', 7, 4, 4, 282
'block', 7, 5, 0, 281
'block', 7, 5, 1, 287
'block', 7, 5, 2, 267
'block', 7, 5, 3, 276
'block', 7, 5, 4, 264
'block', 8, 1, 0, 166
'block', 8, 1, 1, 191
'block', 8, 1, 2, 190
'block', 8, 1, 3, 248
'block', 8, 1, 4, 265
'block', 8, 2, 0, 207
'block', 8, 2, 1, 227
'block', 8, 2, 2, 208
'block', 8, 2, 3, 265
'block', 8, 2, 4, 266
'block', 8, 3, 0, 237
'block', 8, 3, 1, 208
'block', 8, 3, 2, 279
'block', 8, 3, 3, 265
'block', 8, 3, 4, 337
'block', 8, 4, 0, 280
'block', 8, 4, 1, 267
'block', 8, 4, 2, 290
'block', 8, 4, 3, 292
'block', 8, 4, 4, 325
'block', 8, 5, 0, 270
'block', 8, 5, 1, 306
'block', 8, 5, 2, 321
'block', 8, 5, 3, 318
'block', 8, 5, 4, 367
'block', 9, 1, 0, 181
'block', 9, 1, 1, 217
'block', 9, 1, 2, 227
'block', 9, 1, 3, 299
'block', 9, 1, 4, 309
'block', 9, 2, 0, 214
'block', 9, 2, 1, 241
'block', 9, 2, 2, 249
'block', 9, 2, 3, 321
'block', 9, 2, 4, 283
'block', 9, 3, 0, 248
'block', 9, 3, 1, 269
'block', 9, 3, 2, 262
'block', 9, 3, 3, 295
'block', 9, 3, 4, 321
'block', 9, 4, 0, 317
'block', 9, 4, 1, 288
'block', 9, 4, 2, 324
'block', 9, 4, 3, 344
'block', 9, 4, 4, 393
'block', 9, 5, 0, 347
'block', 9, 5, 1, 364
'block', 9, 5, 2, 304
'block', 9, 5, 3, 389
'block', 9, 5, 4, 344
'block', 10, 1, 0, 213
'block', 10, 1, 1, 238
'block', 10, 1, 2, 244
'block', 10, 1, 3, 282
'block', 10, 1, 4, 282
'block', 10, 2, 0, 239
'block', 10, 2, 1, 255
'block', 10, 2, 2, 259
'block', 10, 2, 3, 329
'block', 10, 2, 4, 313
'block', 10, 3, 0, 310
'block', 10, 3, 1, 257
'block', 10, 3, 2, 301
'block', 10, 3, 3, 371
'block', 10, 3, 4, 377
'block', 10, 4, 0, 303
'block', 10, 4, 1, 307
'block', 10, 4, 2, 298
'block', 10, 4, 3, 367
'block', 10, 4, 4, 376
'block', 10, 5, 0, 350
'block', 10, 5, 1, 374
'block', 10, 5, 2, 369
'block', 10, 5, 3, 433
'block', 10, 5, 4, 385
'block', 11, 1, 0, 209
'block', 11, 1, 1, 251
'block', 11, 1, 2, 276
'block', 11, 1, 3, 339
'block', 11, 1, 4, 333
'block', 11, 2, 0, 262
'block', 11, 2, 1, 260
'block', 11, 2, 2, 356
'block', 11, 2, 3, 338
'block', 11, 2, 4, 397
'block', 11, 3, 0, 295
'block', 11, 3, 1, 308
'block', 11, 3, 2, 345
'block', 11, 3, 3, 313
'block', 11, 3, 4, 380
'block', 11, 4, 0, 336
'block', 11, 4, 1, 340
'block', 11, 4, 2, 367
'block', 11, 4, 3, 396
'block', 11, 4, 4, 446
'block', 11, 5, 0, 382
'block', 11, 5, 1, 320
'block', 11, 5, 2, 376
'block', 11, 5, 3, 407
'block', 11, 5, 4, 409
'block', 12, 1, 0, 233
'block', 12, 1, 1, 273
'block', 12, 1, 2, 340
'block', 12, 1, 3, 345
'block', 12, 1, 4, 413
'block', 12, 2, 0, 301
'block', 12, 2, 1, 314
'block', 12, 2, 2, 362
'block', 12, 2, 3, 359
'block', 12, 2, 4, 409
'block', 12, 3, 0, 363
'block', 12, 3, 1, 369
'block', 12, 3, 2, 395
'block', 12, 3, 3, 395
'block', 12, 3, 4, 456
'block', 12, 4, 0, 395
'block', 12, 4, 1, 407
'block', 12, 4, 2, 435
'block', 12, 4, 3, 421
'block', 12, 4, 4, 473
'block', 12, 5, 0, 417
'block', 12, 5, 1, 435
'block', 12, 5, 2, 451
'block', 12, 5, 3, 497
'block', 12, 5, 4, 490
'block', 13, 1, 0, 261
'block', 13, 1, 1, 291
'block', 13, 1, 2, 307
'block', 13, 1, 3, 356
'block', 13, 1, 4, 393
'block', 13, 2, 0, 311
'block', 13, 2, 1, 336
'block', 13, 2, 2, 306
'block', 13, 2, 3, 365
'block', 13, 2, 4, 469
'block', 13, 3, 0, 352
'block', 13, 3, 1, 355
'block', 13, 3, 2, 388
'block', 13, 3, 3, 376
'block', 13, 3, 4, 428
'block', 13, 4, 0, 399
'block', 13, 4, 1, 398
'block', 13, 4, 2, 420
'block', 13, 4, 3, 452
'block', 13, 4, 4, 449
'block', 13, 5, 0, 425
'block', 13, 5, 1, 487
'block', 13, 5, 2, 464
'block', 13, 5, 3, 509
'block', 13, 5, 4, 539
'block', 14, 1, 0, 272
'block', 14, 1, 1, 324
'block', 14, 1, 2, 325
'block', 14, 1, 3, 416
'block', 14, 1, 4, 396
'block', 14, 2, 0, 319
'block', 14, 2, 1, 353
'block', 14, 2, 2, 377
'block', 14, 2, 3, 409
'block', 14, 2, 4, 417
'block', 14, 3, 0, 367
'block', 14, 3, 1, 337
'block', 14, 3, 2, 392
'block', 14, 3, 3, 425
'block', 14, 3, 4, 486
'block', 14, 4, 0, 434
'block', 14, 4, 1, 434
'block', 14, 4, 2, 422
'block', 14, 4, 3, 462
'block', 14, 4, 4, 524
'block', 14, 5, 0, 452
'block', 14, 5, 1, 499
'block', 14, 5, 2, 504
'block', 14, 5, 3, 459
'block', 14, 5, 4, 546
'block', 15, 1, 0, 295
'block', 15, 1, 1, 301
'block', 15, 1, 2, 391
'block', 15, 1, 3, 395
'block', 15, 1, 4, 458
'block', 15, 2, 0, 341
'block', 15, 2, 1, 336
'block', 15, 2, 2, 397
'block', 15, 2, 3, 408
'block', 15, 2, 4, 482
'block', 15, 3, 0, 406
'block', 15, 3, 1, 369
'block', 15, 3, 2, 433
'block', 15, 3, 3, 458
'block', 15, 3, 4, 497
'block', 15, 4, 0, 429
'block', 15, 4, 1, 497
'block', 15, 4, 2, 466
'block', 15, 4, 3, 478
'block', 15, 4, 4, 544
'block', 15, 5, 0, 498
'block', 15, 5, 1, 479
'block', 15, 5, 2, 457
'block', 15, 5, 3, 572
'block', 15, 5, 4, 590
'block', 16, 1, 0, 289
'block', 16, 1, 1, 336
'block', 16, 1, 2, 401
'block', 16, 1, 3, 433
'block', 16, 1, 4, 446
'block', 16, 2, 0, 366
'block', 16, 2, 1, 383
'block', 16, 2, 2, 369
'block', 16, 2, 3, 438
'block', 16, 2, 4, 486
'block', 16, 3, 0, 399
'block', 16, 3, 1, 436
'block', 16, 3, 2, 412
'block', 16, 3, 3, 494
'block', 16, 3, 4, 490
'block', 16, 4, 0, 416
'block', 16, 4, 1, 450
'block', 16, 4, 2, 512
'block', 16, 4, 3, 514
'block', 16, 4, 4, 575
'block', 16, 5, 0, 588
'block', 16, 5, 1, 512
'block', 16, 5, 2, 540
'block', 16, 5, 3, 505
'block', 16, 5, 4, 547
'block', 17, 1, 0, 300
'block', 17, 1, 1, 355
'block', 17, 1, 2, 392
'block', 17, 1, 3, 417
'block', 17, 1, 4, 489
'block', 17, 2, 0, 385
'block', 17, 2, 1, 359
'block', 17, 2, 2, 436
'block', 17, 2, 3, 475
'block', 17, 2, 4, 484
'block', 17, 3, 0, 428
'block', 17, 3, 1, 394
'block', 17, 3, 2, 440
'block', 17, 3, 3, 486
'block', 17, 3, 4, 513
'block', 17, 4, 0, 476
'block', 17, 4, 1, 480
'block', 17, 4, 2, 489
'block', 17, 4, 3, 533
'block', 17, 4, 4, 542
'block', 17, 5, 0, 575
'block', 17, 5, 1, 544
'block', 17, 5, 2, 547
'block', 17, 5, 3, 581
'block', 17, 5, 4, 615
'block', 18, 1, 0, 350
'block', 18, 1, 1, 352
'block', 18, 1, 2, 439
'block', 18, 1, 3, 438
'block', 18, 1, 4, 529
'block', 18, 2, 0, 376
'block', 18, 2, 1, 426
'block', 18, 2, 2, 435
'block', 18, 2, 3, 516
'block', 18, 2, 4, 557
'block', 18, 3, 0, 472
'block', 18, 3, 1, 462
'block', 18, 3, 2, 504
'block', 18, 3, 3, 566
'block', 18, 3, 4, 575
'block', 18, 4, 0, 518
'block', 18, 4, 1, 515
'block', 18, 4, 2, 546
'block', 18, 4, 3, 562
'block', 18, 4, 4, 624
'block', 18, 5, 0, 587
'block', 18, 5, 1, 590
'block', 18, 5, 2, 557
'block', 18, 5, 3, 589
'block', 18, 5, 4, 574
'block', 19, 1, 0, 344
'block', 19, 1, 1, 374
'block', 19, 1, 2, 421
'block', 19, 1, 3, 449
'block', 19, 1, 4, 574
'block', 19, 2, 0, 412
'block', 19, 2, 1, 403
'block', 19, 2, 2, 488
'block', 19, 2, 3, 467
'block', 19, 2, 4, 579
'block', 19, 3, 0, 456
'block', 19, 3, 1, 446
'block', 19, 3, 2, 528
'block', 19, 3, 3, 565
'block', 19, 3, 4, 606
'block', 19, 4, 0, 513
'block', 19, 4, 1, 518
'block', 19, 4, 2, 546
'block', 19, 4, 3, 552
'block', 19, 4, 4, 634
'block', 19, 5, 0, 619
'block', 19, 5, 1, 564
'block', 19, 5, 2, 582
'block', 19, 5, 3, 631
'block', 19, 5, 4, 691
'block', 20, 1, 0, 358
'block', 20, 1, 1, 446
'block', 20, 1, 2, 437
'block', 20, 1, 3, 483
'block', 20, 1, 4, 563
'block', 20, 2, 0, 421
'block', 20, 2, 1, 472
'block', 20, 2, 2, 497
'block', 20, 2, 3, 560
'block', 20, 2, 4, 633
'block', 20, 3, 0, 484
'block', 20, 3, 1, 453
'block', 20, 3, 2, 490
'block', 20, 3, 3, 583
'block', 20, 3, 4, 626
'block', 20, 4, 0, 527
'block', 20, 4, 1, 590
'block', 20, 4, 2, 583
'block', 20, 4, 3, 684
'block', 20, 4, 4, 663
'block', 20, 5, 0, 607
'block', 20, 5, 1, 631
'block', 20, 5, 2, 602
'block', 20, 5, 3, 693
'block', 20, 5, 4, 705
'block', 21, 1, 0, 363
'block', 21, 1, 1, 416
'block', 21, 1, 2, 469
'block', 21, 1, 3, 560
'block', 21, 1, 4, 546
'block', 21, 2, 0, 408
'block', 21, 2, 1, 430
'block', 21, 2, 2, 493
'block', 21, 2, 3, 525
'block', 21, 2, 4, 602
'block', 21, 3, 0, 518
'block', 21, 3, 1, 485
'block', 21, 3, 2, 503
'block', 21, 3, 3, 580
'block', 21, 3, 4, 631
'block', 21, 4, 0, 556
'block', 21, 4, 1, 602
'block', 21, 4, 2, 614
'block', 21, 4, 3, 644
'block', 21, 4, 4, 731
'block', 21, 5, 0, 624
'block', 21, 5, 1, 620
'block', 21, 5, 2, 632
'block', 21, 5, 3, 695
'block', 21, 5, 4, 709
'block', 22, 1, 0, 395
'block', 22, 1, 1, 429
'block', 22, 1, 2, 440
'block', 22, 1, 3, 492
'block', 22, 1, 4, 601
'block', 22, 2, 0, 468
'block', 22, 2, 1, 479
'block', 22, 2, 2, 522
'block', 22, 2, 3, 575
'block', 22, 2, 4, 619
'block', 22, 3, 0, 537
'block', 22, 3, 1, 520
'block', 22, 3, 2, 575
'block', 22, 3, 3, 617
'block', 22, 3, 4, 653
'block', 22, 4, 0, 603
'block', 22, 4, 1, 607
'block', 22, 4, 2, 614
'block', 22, 4, 3, 657
'block', 22, 4, 4, 738
'block', 22, 5, 0, 661
'block', 22, 5, 1, 703
'block', 22, 5, 2, 649
'block', 22, 5, 3, 725
'block', 22, 5, 4, 746
'block', 23, 1, 0, 434
'block', 23, 1, 1, 421
'block', 23, 1, 2, 455
'block', 23, 1, 3, 633
'block', 23, 1, 4, 586
'block', 23, 2, 0, 473
'block', 23, 2, 1, 523
'block', 23, 2, 2, 540
'block', 23, 2, 3, 606
'block', 23, 2, 4, 716
'block', 23, 3, 0, 534
'block', 23, 3, 1, 558
'block', 23, 3, 2, 559
'block', 23, 3, 3, 609
'block', 23, 3, 4, 679
'block', 23, 4, 0, 634
'block', 23, 4, 1, 627
'block', 23, 4, 2, 611
'block', 23, 4, 3, 694
'block', 23, 4, 4, 703
'block', 23, 5, 0, 672
'block', 23, 5, 1, 682
'block', 23, 5, 2, 698
'block', 23, 5, 3, 730
'block', 23, 5, 4, 719
'block', 24, 1, 0, 469
'block', 24, 1, 1, 473
'block', 24, 1, 2, 556
'block', 24, 1, 3, 599
'block', 24, 1, 4, 689
'block', 24, 2, 0, 493
'block', 24, 2, 1, 508
'block', 24, 2, 2, 522
'block', 24, 2, 3, 634
'block', 24, 2, 4, 647
'block', 24, 3, 0, 580
'block', 24, 3, 1, 584
'block', 24, 3, 2, 570
'block', 24, 3, 3, 638
'block', 24, 3, 4, 751
'block', 24, 4, 0, 650
'block', 24, 4, 1, 637
'block', 24, 4, 2, 678
'block', 24, 4, 3, 735
'block', 24, 4, 4, 724
'block', 24, 5, 0, 696
'block', 24, 5, 1, 699
'block', 24, 5, 2, 754
'block', 24, 5, 3, 726
'block', 24, 5, 4, 811
'block', 25, 1, 0, 441
'block', 25, 1, 1, 463
'block', 25, 1, 2, 541
'block', 25, 1, 3, 613
'block', 25, 1, 4, 650
'block', 25, 2, 0, 488
'block', 25, 2, 1, 541
'block', 25, 2, 2, 589
'block', 25, 2, 3, 632
'block', 25, 2, 4, 690
'block', 25, 3, 0, 639
'block', 25, 3, 1, 623
'block', 25, 3, 2, 641
'block', 25, 3, 3, 635
'block', 25, 3, 4, 762
'block', 25, 4, 0, 650
'block', 25, 4, 1, 672
'block', 25, 4, 2, 659
'block', 25, 4, 3, 677
'block', 25, 4, 4, 715
'block', 25, 5, 0, 680
'block', 25, 5, 1, 720
'block', 25, 5, 2, 703
'block', 25, 5, 3, 744
'block', 25, 5, 4, 858
'block', 26, 1, 0, 452
'block', 26, 1, 1, 476
'block', 26, 1, 2, 565
'block', 26, 1, 3, 622
'block', 26, 1, 4, 682
'block', 26, 2, 0, 556
'block', 26, 2, 1, 538
'block', 26, 2, 2, 595
'block', 26, 2, 3, 650
'block', 26, 2, 4, 722
'block', 26, 3, 0, 582
'block', 26, 3, 1, 599
'block', 26, 3, 2, 628
'block', 26, 3, 3, 730
'block', 26, 3, 4, 778
'block', 26, 4, 0, 643
'block', 26, 4, 1, 673
'block', 26, 4, 2, 618
'block', 26, 4, 3, 762
'block', 26, 4, 4, 899
'block', 26, 5, 0, 796
'block', 26, 5, 1, 705
'block', 26, 5, 2, 749
'block', 26, 5, 3, 785
'block', 26, 5, 4, 927
'block', 27, 1, 0, 459
'block', 27, 1, 1, 525
'block', 27, 1, 2, 518
'block', 27, 1, 3, 605
'block', 27, 1, 4, 759
'block', 27, 2, 0, 518
'block', 27, 2, 1, 589
'block', 27, 2, 2, 600
'block', 27, 2, 3, 656
'block', 27, 2, 4, 706
'block', 27, 3, 0, 598
'block', 27, 3, 1, 638
'block', 27, 3, 2, 650
'block', 27, 3, 3, 677
'block', 27, 3, 4, 813
'block', 27, 4, 0, 662
'block', 27, 4, 1, 689
'block', 27, 4, 2, 755
'block', 27, 4, 3, 758
'block', 27, 4, 4, 889
'block', 27, 5, 0, 767
'block', 27, 5, 1, 752
'block', 27, 5, 2, 784
'block', 27, 5, 3, 812
'block', 27, 5, 4, 925
'block', 28, 1, 0, 493
'block', 28, 1, 1, 587
'block', 28, 1, 2, 594
'block', 28, 1, 3, 642
'block', 28, 1, 4, 766
'block', 28, 2, 0, 542
'block', 28, 2, 1, 549
'block', 28, 2, 2, 610
'block', 28, 2, 3, 706
'block', 28, 2, 4, 772
'block', 28, 3, 0, 633
'block', 28, 3, 1, 649
'block', 28, 3, 2, 664
'block', 28, 3, 3, 713
'block', 28, 3, 4, 760
'block', 28, 4, 0, 713
'block', 28, 4, 1, 711
'block', 28, 4, 2, 703
'block', 28, 4, 3, 783
'block', 28, 4, 4, 884
'block', 28, 5, 0, 753
'block', 28, 5, 1, 798
'block', 28, 5, 2, 787
'block', 28, 5, 3, 810
'block', 28, 5, 4, 850
'block', 29, 1, 0, 517
'block', 29, 1, 1, 561
'block', 29, 1, 2, 611
'block', 29, 1, 3, 671
'block', 29, 1, 4, 728
'block', 29, 2, 0, 594
'block', 29, 2, 1, 589
'block', 29, 2, 2, 641
'block', 29, 2, 3, 787
'block', 29, 2, 4, 779
'block', 29, 3, 0, 646
'block', 29, 3, 1, 703
'block', 29, 3, 2, 716
'block', 29, 3, 3, 719
'block', 29, 3, 4, 791
'block', 29, 4, 0, 736
'block', 29, 4, 1, 736
'block', 29, 4, 2, 728
'block', 29, 4, 3, 802
'block', 29, 4, 4, 809
'block', 29, 5, 0, 805
'block', 29, 5, 1, 779
'block', 29, 5, 2, 803
'block', 29, 5, 3, 781
'block', 29, 5, 4, 854
'block', 30, 1, 0, 492
'block', 30, 1, 1, 543
'block', 30, 1, 2, 564
'block', 30, 1, 3, 699
'block', 30, 1, 4, 755
'block', 30, 2, 0, 587
'block', 30, 2, 1, 580
'block', 30, 2, 2, 677
'block', 30, 2, 3, 715
'block', 30, 2, 4, 780
'block', 30, 3, 0, 664
'block', 30, 3, 1, 642
'block', 30, 3, 2, 793
'block', 30, 3, 3, 756
'block', 30, 3, 4, 889
'block', 30, 4, 0, 791
'block', 30, 4, 1, 770
'block', 30, 4, 2, 805
'block', 30, 4, 3, 845
'block', 30, 4, 4, 904
'block', 30, 5, 0, 890
'block', 30, 5, 1, 872
'block', 30, 5, 2, 900
'block', 30, 5, 3, 901
'block', 30, 5, 4, 958
'block', 31, 1, 0, 526
'block', 31, 1, 1, 547
'block', 31, 1, 2, 627
'block', 31, 1, 3, 707
'block', 31, 1, 4, 789
'block', 31, 2, 0, 595
'block', 31, 2, 1, 577
'block', 31, 2, 2, 659
'block', 31, 2, 3, 742
'block', 31, 2, 4, 828
'block', 31, 3, 0, 711
'block', 31, 3, 1, 681
'block', 31, 3, 2, 703
'block', 31, 3, 3, 754
'block', 31, 3, 4, 879
'block', 31, 4, 0, 776
'block', 31, 4, 1, 768
'block', 31, 4, 2, 790
'block', 31, 4, 3, 858
'block', 31, 4, 4, 832
'block', 31, 5, 0, 860
'block', 31, 5, 1, 884
'block', 31, 5, 2, 881
'block', 31, 5, 3, 889
'block', 31, 5, 4, 1002
'block', 32, 1, 0, 514
'block', 32, 1, 1, 591
'block', 32, 1, 2, 652
'block', 32, 1, 3, 752
'block', 32, 1, 4, 758
'block', 32, 2, 0, 574
'block', 32, 2, 1, 610
'block', 32, 2, 2, 732
'block', 32, 2, 3, 749
'block', 32, 2, 4, 835
'block', 32, 3, 0, 707
'block', 32, 3, 1, 688
'block', 32, 3, 2, 760
'block', 32, 3, 3, 837
'block', 32, 3, 4, 866
'block', 32, 4, 0, 780
'block', 32, 4, 1, 737
'block', 32, 4, 2, 820
'block', 32, 4, 3, 841
'block', 32, 4, 4, 926
'block', 32, 5, 0, 885
'block', 32, 5, 1, 874
'block', 32, 5, 2, 889
'block', 32, 5, 3, 927
'block', 32, 5, 4, 994
'block', 33, 1, 0, 523
'block', 33, 1, 1, 613
'block', 33, 1, 2, 657
'block', 33, 1, 3, 756
'block', 33, 1, 4, 815
'block', 33, 2, 0, 633
'block', 33, 2, 1, 699
'block', 33, 2, 2, 725
'block', 33, 2, 3, 742
'block', 33, 2, 4, 865
'block', 33, 3, 0, 705
'block', 33, 3, 1, 704
'block', 33, 3, 2, 796
'block', 33, 3, 3, 814
'block', 33, 3, 4, 919
'block', 33, 4, 0, 787
'block', 33, 4, 1, 791
'block', 33, 4, 2, 819
'block', 33, 4, 3, 869
'block', 33, 4, 4, 924
'block', 33, 5, 0, 895
'block', 33, 5, 1, 883
'block', 33, 5, 2, 905
'block', 33, 5, 3, 1008
'block', 33, 5, 4, 1077
'block', 34, 1, 0, 560
'block', 34, 1, 1, 569
'block', 34, 1, 2, 645
'block', 34, 1, 3, 703
'block', 34, 1, 4, 803
'block', 34, 2, 0, 633
'block', 34, 2, 1, 695
'block', 34, 2, 2, 740
'block', 34, 2, 3, 761
'block', 34, 2, 4, 865
'block', 34, 3, 0, 705
'block', 34, 3, 1, 720
'block', 34, 3, 2, 722
'block', 34, 3, 3, 872
'block', 34, 3, 4, 826
'block', 34, 4, 0, 825
'block', 34, 4, 1, 836
'block', 34, 4, 2, 837
'block', 34, 4, 3, 955
'block', 34, 4, 4, 931
'block', 34, 5, 0, 930
'block', 34, 5, 1, 965
'block', 34, 5, 2, 929
'block', 34, 5, 3, 951
'block', 34, 5, 4, 1054
'block', 35, 1, 0, 539
'block', 35, 1, 1, 644
'block', 35, 1, 2, 691
'block', 35, 1, 3, 782
'block', 35, 1, 4, 824
'block', 35, 2, 0, 632
'block', 35, 2, 1, 664
'block', 35, 2, 2, 711
'block', 35, 2, 3, 750
'block', 35, 2, 4, 932
'block', 35, 3, 0, 741
'block', 35, 3, 1, 771
'block', 35, 3, 2, 744
'block', 35, 3, 3, 922
'block', 35, 3, 4, 951
'block', 35, 4, 0, 893
'block', 35, 4, 1, 857
'block', 35, 4, 2, 859
'block', 35, 4, 3, 936
'block', 35, 4, 4, 938
'block', 35, 5, 0, 888
'block', 35, 5, 1, 959
'block', 35, 5, 2, 963
'block', 35, 5, 3, 980
'block', 35, 5, 4, 1052
'block', 36, 1, 0, 601
'block', 36, 1, 1, 586
'block', 36, 1, 2, 783
'block', 36, 1, 3, 761
'block', 36, 1, 4, 923
'block', 36, 2, 0, 669
'block', 36, 2, 1, 716
'block', 36, 2, 2, 827
'block', 36, 2, 3, 876
'block', 36, 2, 4, 941
'block', 36, 3, 0, 809
'block', 36, 3, 1, 714
'block', 36, 3, 2, 840
'block', 36, 3, 3, 810
'block', 36, 3, 4, 967
'block', 36, 4, 0, 826
'block', 36, 4, 1, 873
'block', 36, 4, 2, 862
'block', 36, 4, 3, 1000
'block', 36, 4, 4, 1030
'block', 36, 5, 0, 986
'block', 36, 5, 1, 929
'block', 36, 5, 2, 983
'block', 36, 5, 3, 1022
'block', 36, 5, 4, 1059
